#0: 

Name: ssteqr 
Eigenvalues: [6](-41.562630,7.507936,39.210388,63.977299,97.589569,161.661804) 
Elapsed(ms): 0.084442 
Iter: 0
============================
#0: 

Name: stedc 
Eigenvalues: [6](-41.562637,7.507940,39.210403,63.977314,97.589561,161.661819) 
Elapsed(ms): 0.016329 
Iter: 0
============================
#0: 

Name: parallel_jacob_music 
Eigenvalues: [6](-41.562641,7.507943,39.210400,63.977291,97.589569,161.661850) 
Elapsed(ms): 0.439938 
Iter: 2
============================
#1: 

Name: ssteqr 
Eigenvalues: [16](-76.288895,-31.673725,-21.413212,-20.529005,-1.921532,18.321398,23.026041,36.411400,60.749004,90.757774,113.374191,144.185425,149.506454,154.336731,160.878540,188.928391) 
Elapsed(ms): 0.054584 
Iter: 0
============================
#1: 

Name: stedc 
Eigenvalues: [16](-76.288864,-31.673723,-21.413219,-20.529007,-1.921528,18.321409,23.026039,36.411404,60.749004,90.757767,113.374237,144.185425,149.506378,154.336685,160.878494,188.928406) 
Elapsed(ms): 0.019594 
Iter: 0
============================
#1: 

Name: parallel_jacob_music 
Eigenvalues: [16](-76.288872,-31.673697,-21.413210,-20.529016,-1.921481,18.322212,23.025333,36.411373,60.749001,90.757805,113.374184,144.185455,149.506302,154.336792,160.878525,188.928299) 
Elapsed(ms): 1.45324 
Iter: 3
============================
#2: 

Name: ssteqr 
Eigenvalues: [64](-86.634209,-86.400154,-80.871567,-66.411896,-60.043995,-55.180199,-54.108910,-51.334496,-48.335468,-46.930676,-45.513691,-34.946110,-33.473320,-33.258705,-29.192358,-23.984188,-22.218935,-18.685869,-18.559847,-11.877236,-3.531742,-3.117225,-1.738838,11.713717,13.621582,18.698730,29.971523,31.093039,32.080418,36.079430,38.882835,42.298103,47.758705,60.183823,62.478416,64.814133,70.390816,72.856392,74.461365,91.559502,94.887413,95.708755,97.549477,97.888199,106.626411,110.187279,114.893547,120.240822,122.791885,127.825302,130.525696,131.577911,134.317627,145.147903,147.216843,147.838272,154.477386,154.511566,160.836960,168.515671,175.406265,180.816742,182.351791,202.433319) 
Elapsed(ms): 0.731053 
Iter: 0
============================
#2: 

Name: stedc 
Eigenvalues: [64](-86.634247,-86.400055,-80.871590,-66.411972,-60.043961,-55.180080,-54.108841,-51.334480,-48.335545,-46.930752,-45.513603,-34.946159,-33.473320,-33.258709,-29.192358,-23.984161,-22.218966,-18.685839,-18.559883,-11.877302,-3.531696,-3.117276,-1.738869,11.713734,13.621592,18.698700,29.971514,31.093098,32.080376,36.079472,38.882839,42.298141,47.758663,60.183838,62.478474,64.814171,70.390732,72.856346,74.461319,91.559662,94.887459,95.708763,97.549400,97.888214,106.626419,110.187241,114.893532,120.240814,122.791946,127.825218,130.525757,131.577881,134.317642,145.147888,147.216934,147.838287,154.477295,154.511566,160.836945,168.515640,175.406250,180.816803,182.351791,202.433228) 
Elapsed(ms): 0.104036 
Iter: 0
============================
#2: 

Name: parallel_jacob_music 
Eigenvalues: [64](-86.634163,-86.400093,-80.870277,-66.411751,-60.040443,-55.179836,-54.108791,-51.334019,-48.335110,-46.930771,-45.513622,-34.946125,-33.463154,-33.267269,-29.192358,-23.984133,-22.218952,-18.685768,-18.559891,-11.877197,-3.531712,-3.116770,-1.738814,11.714105,13.621770,18.698751,29.971624,31.092901,32.080532,36.079163,38.882786,42.297951,47.758698,60.196743,62.482475,64.813858,70.390686,72.856232,74.462326,91.646217,94.926262,95.708488,97.424194,97.872421,106.626297,110.187202,114.893669,120.239258,122.791748,127.825256,130.525528,131.577789,134.317642,145.147491,147.216736,147.838120,154.477585,154.504181,160.836548,168.515518,175.406342,180.816788,182.351563,202.432755) 
Elapsed(ms): 40.1454 
Iter: 3
============================
#3: 

Name: ssteqr 
Eigenvalues: [128](-107.502487,-97.424538,-89.716728,-85.665413,-81.920731,-77.699661,-73.460030,-69.207207,-67.138184,-65.867149,-64.509079,-60.498077,-59.424046,-57.250259,-56.883759,-56.516212,-53.827644,-52.219669,-50.323566,-46.764118,-45.278267,-40.096024,-39.674313,-38.078976,-37.594406,-37.414028,-35.346001,-34.487415,-34.086758,-31.293251,-29.559502,-28.450661,-27.346697,-23.826586,-23.228622,-19.417641,-14.953942,-14.017921,-12.801297,-5.898373,-3.873195,-0.822568,4.398000,5.012450,7.724473,8.081839,9.859261,10.996017,13.934168,15.260134,15.563314,18.410826,25.242168,26.600903,27.376738,28.820911,29.283880,31.363661,32.933491,33.049496,41.069389,43.463459,43.809048,46.290936,48.414307,51.174389,52.715660,53.273575,54.685421,58.776287,62.413811,62.594875,65.457962,68.184761,71.399902,74.725670,78.814621,80.837669,83.333298,83.708305,88.832382,94.510170,95.151596,97.352959,98.626419,101.256119,102.595894,102.891304,103.347939,104.289429,105.723396,110.540749,112.551781,114.322502,114.454506,120.444038,121.613899,124.408195,125.513130,126.265099,130.206192,131.502106,131.806793,134.058640,136.497147,138.730194,139.606400,142.724121,142.895721,145.488419,147.962646,149.063873,149.806290,151.008347,153.699829,159.252457,163.156219,164.027695,164.171036,169.397629,170.087967,173.708054,181.728577,183.245422,185.881363,186.371948,194.631516,205.353561) 
Elapsed(ms): 1.9291 
Iter: 0
============================
#3: 

Name: stedc 
Eigenvalues: [128](-107.502411,-97.424576,-89.716873,-85.665535,-81.920776,-77.699524,-73.459969,-69.207321,-67.138176,-65.867188,-64.508965,-60.498161,-59.424126,-57.250099,-56.883801,-56.516163,-53.827515,-52.219612,-50.323383,-46.764095,-45.278408,-40.096077,-39.674206,-38.079002,-37.594452,-37.414165,-35.345963,-34.487236,-34.086849,-31.293274,-29.559521,-28.450628,-27.346905,-23.826456,-23.228615,-19.417570,-14.954052,-14.017882,-12.801240,-5.898451,-3.873203,-0.822585,4.398040,5.012432,7.724587,8.081847,9.859312,10.996036,13.934216,15.260080,15.563347,18.410887,25.242249,26.600912,27.376766,28.820894,29.283875,31.363640,32.933502,33.049469,41.069374,43.463440,43.809032,46.290932,48.414238,51.174412,52.715759,53.273510,54.685421,58.776283,62.413757,62.594910,65.457939,68.184761,71.399895,74.725601,78.814598,80.837708,83.333374,83.708282,88.832413,94.510155,95.151573,97.352966,98.626389,101.256172,102.595886,102.891296,103.347939,104.289375,105.723442,110.540771,112.551788,114.322502,114.454498,120.444008,121.613838,124.408188,125.513161,126.265106,130.206131,131.502213,131.806808,134.058594,136.497131,138.730209,139.606323,142.724136,142.895752,145.488373,147.962708,149.063858,149.806335,151.008316,153.699814,159.252502,163.156204,164.027710,164.171387,169.397705,170.087891,173.708160,181.728333,183.245575,185.881317,186.371674,194.631500,205.353775) 
Elapsed(ms): 0.351764 
Iter: 0
============================
#3: 

Name: parallel_jacob_music 
Eigenvalues: [128](-107.502373,-97.424500,-89.716805,-85.665504,-81.920815,-77.699577,-73.459747,-69.207169,-67.137962,-65.866966,-64.508858,-60.498184,-59.423996,-57.250053,-56.883839,-56.516159,-53.827560,-52.219585,-50.323349,-46.764130,-45.278309,-40.095974,-39.674328,-38.078968,-37.594334,-37.413963,-35.345879,-34.487217,-34.086693,-31.293211,-29.559542,-28.450613,-27.346811,-23.826525,-23.228647,-19.417629,-14.953969,-14.017858,-12.801207,-5.898439,-3.873191,-0.822591,4.398034,5.012486,7.730282,8.081910,9.859277,10.996058,13.934176,15.260112,15.563348,18.410856,25.242222,26.600863,27.376659,28.821220,29.282055,31.359415,32.933460,33.049351,41.069317,43.463631,43.809032,46.290951,48.414211,51.174351,52.715656,53.273495,54.685402,58.776283,62.413448,62.594814,65.457748,68.184746,71.399635,74.725441,78.814522,80.837662,83.333374,83.708252,88.832390,94.510246,95.151619,97.352943,98.626305,101.255951,102.595810,102.891151,103.347931,104.289398,105.723396,110.540726,112.551712,114.322449,114.454468,120.444023,121.613846,124.408150,125.513115,126.264999,130.205994,131.501541,131.806274,134.058289,136.497040,138.730011,139.606033,142.723846,142.895218,145.488281,147.962433,149.063583,149.806046,151.008286,153.699417,159.252335,163.156006,164.027664,164.171051,169.397446,170.088013,173.708023,181.728394,183.245499,185.881226,186.371933,194.631393,205.353561) 
Elapsed(ms): 355.453 
Iter: 4
============================
#4: 

Name: ssteqr 
Eigenvalues: [256](-118.165756,-115.235260,-107.961449,-98.376450,-94.755997,-89.743355,-89.132774,-85.108231,-83.460114,-82.097076,-81.040535,-80.421036,-80.033066,-79.971077,-79.783760,-79.723961,-77.159256,-76.373642,-75.763725,-75.754684,-75.545944,-75.389633,-73.311218,-72.929932,-72.588943,-70.562469,-70.003502,-65.545959,-63.619244,-63.149872,-61.243351,-60.280876,-60.144722,-59.228188,-58.424191,-57.647408,-56.976074,-56.792782,-55.232594,-55.081795,-52.033314,-51.525089,-49.607700,-48.916542,-48.640701,-46.190372,-45.047424,-42.861389,-42.737831,-41.349407,-40.970642,-40.506519,-36.497124,-33.775543,-33.259312,-33.046925,-32.448380,-32.005001,-30.800285,-30.298481,-29.570715,-29.567387,-27.175591,-24.547043,-23.755894,-22.908094,-22.713493,-22.204327,-21.349712,-17.849857,-17.838398,-16.582798,-14.882896,-13.934123,-13.663094,-12.148557,-11.317311,-9.983154,-9.169021,-9.002438,-8.297822,-6.747957,-6.314595,-5.782549,-5.492603,-2.219472,-0.785202,0.833918,1.001911,2.981744,3.051687,4.298105,7.961584,8.872674,9.070629,10.505954,13.166333,13.851642,14.562788,16.749203,17.953558,18.794918,19.029375,19.911552,21.083780,22.247396,22.503391,22.547523,26.022331,27.033644,28.782465,29.891914,30.327602,30.838402,34.240078,34.632370,37.826881,40.291359,41.644154,42.974010,45.156139,45.578403,46.211983,48.700874,48.749607,50.407345,52.062439,52.656570,53.209953,55.442131,55.750248,56.903484,57.484692,58.136547,58.628792,59.099606,61.135529,63.358208,65.250534,65.463478,65.522354,66.877327,67.381058,67.633820,70.702370,71.330269,73.976860,75.111412,75.488258,78.535637,79.018829,79.383255,79.897423,80.877762,83.657524,84.096855,85.349548,85.388367,86.644005,88.424477,88.510345,93.765205,94.565308,94.739853,95.403336,95.475311,97.098495,97.950035,99.001442,100.824951,101.138519,101.502167,102.796738,103.355606,103.508629,104.271172,105.998398,106.658394,107.967720,108.850128,109.119759,112.306236,112.435753,113.814392,114.755142,115.737465,118.567368,119.764870,120.472885,121.099159,121.712616,122.220505,123.008347,123.292038,124.984444,125.838531,127.549377,128.031876,129.619125,130.363205,131.623871,132.667053,132.811066,133.312698,134.711639,135.619232,135.627396,138.007904,138.400253,139.690598,140.330215,141.392456,143.871872,144.963257,145.909515,146.114914,146.431503,146.547424,146.577805,147.705185,148.463181,149.103241,149.507751,150.444275,151.656937,156.742386,157.333206,157.715469,159.546265,160.826187,161.653809,161.848801,161.985611,162.776520,163.267838,163.292099,165.007965,165.970932,167.787155,168.693161,170.892410,171.452438,173.091644,173.225662,175.245071,176.962128,177.583588,177.849854,181.039276,181.609650,182.618408,188.601501,193.422028,203.953445,207.063156,209.758698) 
Elapsed(ms): 10.5151 
Iter: 0
============================
#4: 

Name: stedc 
Eigenvalues: [256](-118.165909,-115.235199,-107.961472,-98.376030,-94.756119,-89.743126,-89.132729,-85.108391,-83.460136,-82.097000,-81.040176,-80.421036,-80.033340,-79.971245,-79.783882,-79.723969,-77.159286,-76.373482,-75.763046,-75.754890,-75.545837,-75.390533,-73.311249,-72.929741,-72.588776,-70.562393,-70.003532,-65.546211,-63.619377,-63.149776,-61.243244,-60.280964,-60.144855,-59.228149,-58.424263,-57.647278,-56.976009,-56.793118,-55.232887,-55.081844,-52.033379,-51.525185,-49.607655,-48.916641,-48.640663,-46.190220,-45.047218,-42.861404,-42.737865,-41.349560,-40.970760,-40.506554,-36.497120,-33.775558,-33.259457,-33.046776,-32.448345,-32.005005,-30.800537,-30.298464,-29.570660,-29.567320,-27.175522,-24.546951,-23.756029,-22.907927,-22.713541,-22.204416,-21.349682,-17.850103,-17.838516,-16.582796,-14.882706,-13.934087,-13.663108,-12.148559,-11.317421,-9.983039,-9.168942,-9.002611,-8.297849,-6.747999,-6.314525,-5.782611,-5.492640,-2.219473,-0.785200,0.833847,1.001903,2.981695,3.051729,4.298126,7.961583,8.872694,9.070643,10.505975,13.166307,13.851627,14.562806,16.749161,17.953611,18.794771,19.029339,19.911669,21.083849,22.247431,22.503447,22.547602,26.022242,27.033697,28.782549,29.891905,30.327623,30.838430,34.240116,34.632378,37.826897,40.291328,41.644276,42.974106,45.156116,45.578392,46.212013,48.700893,48.749615,50.407356,52.062389,52.656536,53.209942,55.442165,55.750237,56.903461,57.484734,58.136501,58.628830,59.099628,61.135498,63.358173,65.250488,65.463501,65.522324,66.877335,67.381050,67.633812,70.702370,71.330299,73.976875,75.111465,75.488304,78.535667,79.018837,79.383331,79.897461,80.877777,83.657501,84.096893,85.349518,85.388374,86.644058,88.424454,88.510376,93.765198,94.565277,94.739891,95.403328,95.475342,97.098534,97.949974,99.001556,100.824989,101.138565,101.502167,102.796616,103.355629,103.508614,104.271194,105.998268,106.658379,107.967743,108.850060,109.119720,112.306145,112.435806,113.814362,114.755135,115.737480,118.567383,119.764824,120.472862,121.099236,121.712563,122.220520,123.008308,123.291954,124.984535,125.838531,127.549416,128.031891,129.619003,130.363220,131.623917,132.667084,132.811111,133.312637,134.711548,135.619232,135.627502,138.007965,138.400238,139.690491,140.330307,141.392380,143.871979,144.963181,145.909485,146.114670,146.431534,146.547409,146.577820,147.705307,148.463333,149.103043,149.507629,150.444244,151.657043,156.742386,157.333145,157.715424,159.546494,160.826141,161.653870,161.848969,161.985550,162.776581,163.268143,163.292175,165.008224,165.970840,167.787201,168.693161,170.892471,171.452545,173.091827,173.225479,175.245285,176.962036,177.583847,177.849838,181.039124,181.609528,182.618668,188.601608,193.421814,203.953629,207.062775,209.758789) 
Elapsed(ms): 1.62073 
Iter: 0
============================
#4: 

Name: parallel_jacob_music 
Eigenvalues: [256](-118.165596,-115.235245,-107.961205,-98.376053,-94.756081,-89.743248,-89.132584,-85.108208,-83.460098,-82.096985,-81.040100,-80.420967,-80.032898,-79.970970,-79.783821,-79.723801,-77.159103,-76.373482,-75.763496,-75.754593,-75.545586,-75.389763,-73.310822,-72.929695,-72.588562,-70.562263,-70.003357,-65.545898,-63.618404,-63.149853,-61.243191,-60.280872,-60.144722,-59.228111,-58.424149,-57.647320,-56.976067,-56.792313,-55.232719,-55.081699,-52.033169,-51.524403,-49.605637,-48.916470,-48.640488,-46.189434,-45.047188,-42.861416,-42.737877,-41.349297,-40.970600,-40.505280,-36.497086,-33.775230,-33.259277,-33.046730,-32.448105,-32.004852,-30.800501,-30.298374,-29.570686,-29.567324,-27.175524,-24.547033,-23.756029,-22.907993,-22.713573,-22.204309,-21.349699,-17.849983,-17.838425,-16.579311,-14.882735,-13.934061,-13.663095,-12.148442,-11.311918,-9.983068,-9.169000,-9.002426,-8.297814,-6.748078,-6.314570,-5.782558,-5.492577,-2.218858,-0.785111,0.836563,1.004109,2.983434,3.053370,4.298153,7.961650,8.872723,9.070632,10.506119,13.166370,13.852117,14.562798,16.749172,17.953669,18.811876,19.029303,19.911520,21.083759,22.247351,22.503517,22.560896,26.022341,27.033674,28.782475,29.896221,30.327574,30.838541,34.240009,34.661934,37.827721,40.287094,41.644245,42.974007,45.155731,45.578465,46.214436,48.704693,48.749664,50.407448,52.062328,52.694466,53.208904,55.440838,55.750408,56.902332,57.484726,58.137413,58.628651,59.099594,61.135509,63.358471,65.250328,65.463448,65.522141,66.876961,67.380669,67.633865,70.701668,71.326721,73.976112,75.038795,75.488159,78.537521,79.020676,79.350807,79.891953,80.877708,83.657318,84.096764,85.346542,85.388657,86.644020,88.424454,88.509804,93.762329,94.563591,94.739868,95.403481,95.475296,97.095482,97.950073,99.001511,100.824867,101.136848,101.502159,102.796494,103.355484,103.508018,104.271057,105.998146,106.657829,107.966972,108.849907,109.119965,112.319534,112.435257,113.813461,114.755356,115.737274,118.567116,119.764679,120.472687,121.098900,121.712433,122.220360,123.008057,123.278961,124.984314,125.838097,127.549362,128.031113,129.618668,130.362625,131.623093,132.666367,132.810165,133.312393,134.710876,135.618622,135.627167,138.007462,138.399780,139.690186,140.329895,141.391693,143.871567,144.962189,145.908981,146.114319,146.431183,146.546875,146.577484,147.705093,148.463058,149.102768,149.506958,150.443558,151.656738,156.742249,157.332932,157.716522,159.546295,160.826019,161.653397,161.846680,161.985382,162.776093,163.267456,163.291962,165.007797,165.970688,167.784988,168.693039,170.892380,171.451660,173.091263,173.225571,175.244812,176.961945,177.583664,177.849686,181.038757,181.609543,182.618423,188.601654,193.421524,203.953308,207.063019,209.758560) 
Elapsed(ms): 3242.93 
Iter: 4
============================
#5: 

Name: ssteqr 
Eigenvalues: [512](-109.830246,-100.122337,-98.222633,-95.227158,-93.797302,-93.764709,-90.714157,-89.523010,-86.178070,-86.085449,-80.538460,-80.331711,-77.856789,-77.594040,-77.401863,-76.865303,-76.457970,-75.033607,-74.154289,-74.153885,-73.271889,-73.051613,-73.008865,-72.964478,-72.693024,-72.681999,-72.160278,-70.604767,-70.518402,-70.239784,-69.631096,-68.978973,-68.306816,-68.175896,-67.939362,-67.762733,-67.534187,-66.756981,-66.650223,-66.515388,-66.383247,-66.173157,-66.058014,-65.249512,-65.146301,-65.107025,-64.518913,-63.904938,-61.079041,-61.068077,-60.050797,-59.520233,-59.291813,-58.818611,-58.705128,-58.586403,-57.845009,-57.703835,-57.339207,-55.855507,-55.226009,-54.147820,-53.478401,-52.399277,-52.305588,-52.226906,-51.564045,-51.057835,-50.984440,-50.850468,-50.732574,-50.679665,-50.669952,-49.434296,-49.171204,-47.935631,-47.902122,-45.590309,-44.989807,-44.232475,-44.037052,-42.648792,-42.130196,-41.093040,-40.955650,-39.831688,-39.654964,-39.397949,-39.234516,-39.000816,-38.879734,-38.861992,-38.564026,-36.463783,-35.175133,-34.883320,-33.753769,-33.360046,-33.133720,-32.234108,-32.006958,-31.775078,-30.978594,-30.315638,-29.678225,-29.253452,-28.922762,-28.589472,-28.507824,-27.918245,-27.878395,-27.847979,-26.563843,-25.778856,-25.486652,-23.987864,-23.709505,-23.373407,-22.937054,-22.022112,-20.972713,-20.446644,-20.426472,-20.423216,-20.314129,-18.832331,-18.734312,-18.266882,-17.164272,-16.463779,-15.889318,-14.368453,-14.290555,-13.542505,-13.542160,-13.371428,-13.207352,-12.993762,-12.931335,-12.579086,-12.263654,-11.944265,-11.776688,-11.700720,-11.380772,-11.291807,-9.765565,-8.731554,-8.654191,-8.625075,-7.332954,-6.686578,-6.524876,-6.347558,-6.282905,-6.155683,-5.904442,-5.845545,-5.749638,-5.697072,-4.534662,-4.118929,-3.539165,-2.959120,-2.018388,0.234340,1.201427,1.380077,2.366992,2.434906,2.951334,3.336624,4.476194,4.726844,5.037812,5.591602,5.657611,5.685164,5.719595,6.045030,6.911495,7.528431,8.638339,8.641498,10.993164,11.178100,11.259306,11.697818,11.851995,12.655463,12.927005,13.350899,13.446274,14.002079,15.075558,15.909346,16.716021,17.132284,17.737389,17.893177,18.140921,18.434902,18.484003,18.565882,18.977749,19.612345,21.685677,21.738029,22.363638,22.801390,23.039644,23.871937,25.386511,25.635813,26.185991,26.894316,29.207146,29.850319,30.857992,31.079039,31.905951,32.594627,32.625225,33.016972,33.746994,33.970829,34.167595,34.479282,35.068604,35.273056,35.617043,36.188511,36.713791,37.162895,37.340622,37.844627,38.134392,40.422600,40.724121,41.696758,41.947273,42.306370,42.809292,43.594788,44.334690,44.413536,44.862133,47.197041,47.513187,48.006203,48.620251,49.002182,49.802422,50.400429,52.494827,54.096882,54.200340,55.194973,55.714485,56.815369,57.068001,57.105946,57.862770,58.227318,59.418652,59.750938,59.768002,60.192722,62.312748,62.718132,63.180763,63.503613,63.571972,64.998199,65.430138,65.746269,66.722420,66.728851,67.607262,67.628181,69.314346,69.410065,69.876564,70.650009,70.796150,71.113075,71.269218,71.959297,71.972984,72.564011,73.161819,73.545944,73.667809,73.705894,74.279213,74.384308,77.616837,78.419014,79.270706,79.967117,80.250694,81.660522,82.123375,82.161896,82.281235,82.526405,82.761063,82.990646,83.607666,83.914658,84.777641,85.437706,85.907753,86.172470,86.221581,87.072411,87.274925,87.441826,88.721024,88.823036,88.891296,89.124893,89.582611,90.285683,91.203285,91.517502,92.156807,93.378952,94.213829,94.482811,94.849228,95.206261,95.458099,96.780785,97.021217,97.980431,100.118011,100.261406,100.694351,101.371155,101.393097,101.626152,101.886185,103.403755,104.341454,104.469162,104.982956,105.348389,105.422798,107.242943,107.485207,107.798027,108.474701,108.733574,109.740784,109.757187,110.436707,110.523201,110.863228,111.151100,111.248360,111.315857,112.189308,112.358299,112.403023,112.452698,113.051628,113.414146,114.258049,114.620995,114.711800,114.947914,114.997635,115.510078,115.576889,115.784424,116.272171,116.919830,117.625114,118.044022,118.155769,118.643211,119.264076,119.697128,120.392899,122.049980,124.276741,124.961952,125.637924,126.963760,128.440781,128.500824,130.513443,130.565506,131.154358,131.693863,131.700729,131.751831,131.906693,132.007034,132.329208,132.908417,132.963837,133.522049,134.208603,134.462708,136.229492,136.462067,136.589386,137.214203,137.475891,139.204956,140.198288,142.214874,142.267471,142.296555,142.584778,142.696747,142.732864,143.003601,143.727295,143.738358,144.488419,146.191849,146.707367,147.154007,147.946747,147.978302,148.021179,148.078751,148.868347,148.892471,148.981964,149.081680,149.775055,149.844620,150.244934,150.314362,150.406891,150.726166,152.083664,153.042389,153.211426,153.598770,154.001678,154.402847,154.942383,155.173370,155.369827,155.679916,155.687363,155.863205,156.021118,159.073547,159.232910,159.836441,160.068893,160.304932,160.769791,161.409729,162.224197,162.803665,164.231384,164.399445,164.405624,166.037415,166.502274,167.237198,167.396637,169.417923,169.584763,169.749207,170.633621,170.729294,171.333359,171.917007,172.147858,172.824844,173.021118,174.591324,175.087280,175.163239,175.421280,177.098022,178.020065,179.053223,179.086853,179.215729,179.519455,179.532227,181.644073,182.347946,183.032288,183.540680,183.865143,184.056320,185.664825,185.678162,186.028854,188.085800,188.464203,189.753647,190.785248,191.114426,192.203339,195.165268,197.246292,198.583450,207.266678,211.754608,211.887131,223.008575) 
Elapsed(ms): 37.8622 
Iter: 0
============================
#5: 

Name: stedc 
Eigenvalues: [512](-109.830261,-100.122177,-98.222450,-95.227112,-93.797287,-93.764694,-90.713928,-89.522659,-86.178322,-86.085434,-80.538483,-80.331650,-77.857208,-77.594193,-77.401703,-76.865318,-76.458267,-75.033379,-74.154472,-74.153358,-73.272026,-73.051903,-73.009132,-72.964294,-72.692924,-72.682060,-72.160339,-70.604980,-70.518333,-70.239822,-69.630989,-68.978981,-68.306931,-68.175896,-67.939285,-67.762863,-67.533966,-66.757271,-66.650116,-66.515457,-66.383492,-66.172966,-66.058228,-65.249344,-65.146599,-65.107208,-64.518715,-63.905125,-61.079082,-61.067970,-60.050682,-59.520374,-59.291721,-58.818748,-58.705311,-58.586334,-57.845062,-57.703773,-57.339005,-55.855656,-55.226223,-54.147686,-53.478443,-52.399242,-52.305786,-52.226906,-51.564041,-51.057793,-50.984623,-50.850407,-50.732647,-50.679558,-50.669983,-49.434372,-49.171185,-47.935719,-47.902264,-45.590103,-44.990086,-44.232159,-44.037006,-42.648891,-42.130177,-41.093060,-40.955566,-39.831451,-39.655003,-39.397896,-39.234512,-39.000813,-38.879807,-38.862007,-38.563950,-36.463806,-35.175156,-34.883297,-33.753792,-33.359997,-33.133369,-32.234100,-32.006893,-31.774935,-30.978649,-30.315603,-29.678301,-29.253391,-28.922716,-28.589502,-28.507708,-27.918171,-27.878479,-27.847929,-26.563858,-25.778839,-25.486748,-23.987879,-23.709496,-23.373394,-22.937124,-22.021997,-20.972580,-20.446850,-20.426430,-20.423260,-20.314295,-18.832355,-18.734280,-18.266838,-17.164375,-16.463604,-15.889321,-14.368643,-14.290574,-13.542516,-13.542208,-13.371285,-13.207411,-12.993690,-12.931331,-12.579179,-12.263721,-11.944218,-11.776712,-11.700735,-11.380898,-11.291782,-9.765567,-8.731519,-8.654346,-8.625178,-7.332944,-6.686463,-6.524905,-6.347602,-6.282745,-6.155761,-5.904349,-5.845474,-5.749786,-5.697087,-4.534593,-4.118927,-3.539065,-2.959153,-2.018301,0.234281,1.201422,1.380051,2.366928,2.434986,2.951385,3.336692,4.476177,4.726890,5.037765,5.591667,5.657634,5.685170,5.719641,6.045031,6.911556,7.528490,8.638339,8.641527,10.993093,11.178140,11.259276,11.697962,11.851993,12.655371,12.927086,13.350960,13.446334,14.002035,15.075593,15.909455,16.716017,17.132273,17.737383,17.893280,18.140928,18.434870,18.483992,18.565887,18.977789,19.612427,21.685659,21.738056,22.363605,22.801332,23.039742,23.871834,25.386478,25.635809,26.185961,26.894381,29.207165,29.850359,30.858034,31.079077,31.905874,32.594650,32.625416,33.016979,33.746914,33.970718,34.167671,34.479378,35.068630,35.273022,35.617027,36.188580,36.713818,37.162891,37.340546,37.844711,38.134274,40.422699,40.724197,41.696823,41.947327,42.306255,42.809132,43.594788,44.334751,44.413521,44.862099,47.197052,47.513073,48.006195,48.620144,49.002178,49.802330,50.400433,52.494820,54.096882,54.200291,55.195042,55.714287,56.815315,57.067951,57.105991,57.862679,58.227097,59.418613,59.750896,59.767834,60.192608,62.312740,62.718117,63.180618,63.503498,63.571735,64.998062,65.430183,65.746284,66.722557,66.728935,67.607140,67.628136,69.314476,69.410034,69.876617,70.649986,70.796051,71.113014,71.269279,71.959305,71.972900,72.563950,73.161842,73.546028,73.667503,73.705788,74.279091,74.384323,77.616814,78.419060,79.270790,79.967010,80.250748,81.660576,82.123360,82.161690,82.281219,82.526367,82.761047,82.990829,83.607788,83.914795,84.777626,85.437668,85.907486,86.172523,86.221680,87.072525,87.274925,87.441833,88.720886,88.822937,88.891273,89.124947,89.582581,90.285538,91.203224,91.517532,92.156975,93.379028,94.213753,94.482651,94.849312,95.206329,95.458221,96.780640,97.021362,97.980446,100.118240,100.261314,100.694427,101.371155,101.392952,101.626099,101.886322,103.403664,104.341461,104.469124,104.982903,105.348213,105.422806,107.243019,107.485374,107.798195,108.474739,108.733566,109.740578,109.757111,110.437096,110.523232,110.862984,111.150864,111.248421,111.315796,112.189575,112.358345,112.402878,112.452888,113.051636,113.414085,114.257988,114.621017,114.711647,114.947975,114.997330,115.510201,115.576927,115.784554,116.272301,116.919945,117.625252,118.043907,118.155823,118.643135,119.263878,119.697098,120.392731,122.049812,124.276733,124.961945,125.638123,126.963409,128.441086,128.500885,130.513275,130.565582,131.154251,131.693848,131.700974,131.751755,131.906891,132.007065,132.329407,132.908096,132.963821,133.521927,134.208817,134.462738,136.229691,136.462143,136.589584,137.214127,137.476166,139.204971,140.198395,142.214706,142.267563,142.296799,142.585052,142.696869,142.732712,143.003387,143.727234,143.738419,144.488159,146.191940,146.707138,147.153717,147.946777,147.978394,148.021561,148.078644,148.868179,148.892761,148.982239,149.081711,149.775085,149.844482,150.244690,150.314606,150.407669,150.726166,152.083847,153.042038,153.211639,153.598785,154.001617,154.402954,154.942230,155.173218,155.369827,155.679703,155.687485,155.863312,156.021194,159.073807,159.232819,159.836746,160.068863,160.305023,160.770035,161.409851,162.224060,162.803604,164.231171,164.399597,164.405777,166.037628,166.502258,167.237381,167.396622,169.417480,169.584915,169.749283,170.633621,170.728943,171.333572,171.917038,172.147858,172.824600,173.020935,174.590927,175.087418,175.163651,175.420700,177.097641,178.020447,179.053314,179.086823,179.215805,179.519257,179.532257,181.643814,182.347595,183.031967,183.540878,183.865173,184.055923,185.665115,185.678375,186.028870,188.085739,188.464401,189.753632,190.785172,191.114380,192.203644,195.165405,197.246445,198.583572,207.266693,211.754761,211.887146,223.008606) 
Elapsed(ms): 6.1708 
Iter: 0
============================
#5: 

Name: parallel_jacob_music 
Eigenvalues: [512](-109.830124,-100.122231,-98.222443,-95.227264,-93.797173,-93.764549,-90.714165,-89.522713,-86.178200,-86.085388,-80.538315,-80.331329,-77.857010,-77.593857,-77.401512,-76.865028,-76.458237,-75.033241,-74.154243,-74.153351,-73.271774,-73.051453,-73.009392,-72.963951,-72.692726,-72.681877,-72.160095,-70.604744,-70.518150,-70.239449,-69.630867,-68.978729,-68.306664,-68.175682,-67.939163,-67.762672,-67.533653,-66.757011,-66.650024,-66.515221,-66.383476,-66.172523,-66.057976,-65.249207,-65.146355,-65.106949,-64.518517,-63.904984,-61.078827,-61.067966,-60.050629,-59.520172,-59.291672,-58.818729,-58.705120,-58.586575,-57.844986,-57.703609,-57.338963,-55.855495,-55.226170,-54.147633,-53.478344,-52.399212,-52.305676,-52.226841,-51.563869,-51.057728,-50.984455,-50.850258,-50.732594,-50.679554,-50.669926,-49.434204,-49.171188,-47.935631,-47.902172,-45.589417,-44.989895,-44.232193,-44.036915,-42.648834,-42.130135,-41.092991,-40.955574,-39.831436,-39.654938,-39.397888,-39.234459,-39.000076,-38.879681,-38.861889,-38.563896,-36.463711,-35.174942,-34.883163,-33.753578,-33.359901,-33.133453,-32.233776,-32.006794,-31.774992,-30.978569,-30.315580,-29.678183,-29.253374,-28.922674,-28.589527,-28.507692,-27.918102,-27.878386,-27.847937,-26.563860,-25.778807,-25.486708,-23.987915,-23.704721,-23.373415,-22.937069,-22.020592,-20.972578,-20.444340,-20.426394,-20.423227,-20.312933,-18.832296,-18.734203,-18.266857,-17.164331,-16.463514,-15.889324,-14.368635,-14.289226,-13.541992,-13.539760,-13.371355,-13.205940,-12.992967,-12.931795,-12.579185,-12.265657,-11.949113,-11.776727,-11.700711,-11.380870,-11.292494,-9.765539,-8.730195,-8.654298,-8.625164,-7.332892,-6.686448,-6.525464,-6.347607,-6.282749,-6.155696,-5.904601,-5.845499,-5.749759,-5.697071,-4.534649,-4.118888,-3.538529,-2.959169,-2.018273,0.234290,1.201433,1.379618,2.367203,2.435183,2.951370,3.336678,4.476213,4.726872,5.037735,5.594173,5.657729,5.684628,5.719634,6.045096,6.912052,7.528483,8.638311,8.641514,10.993030,11.179808,11.257928,11.695182,11.852000,12.655344,12.927106,13.350898,13.446347,14.003225,15.075540,15.909459,16.715971,17.131763,17.740358,17.889343,18.137880,18.434813,18.483953,18.565826,18.976049,19.612379,21.685749,21.737732,22.363699,22.801441,23.039696,23.871885,25.386471,25.635773,26.185999,26.894325,29.207203,29.853827,30.858610,31.079023,31.905966,32.596252,32.625278,33.018002,33.747406,33.970207,34.167641,34.479435,35.068840,35.272766,35.615574,36.188519,36.713848,37.162811,37.346775,37.844673,38.134193,40.422684,40.724125,41.696796,41.947239,42.306320,42.808449,43.594700,44.334705,44.413555,44.862099,47.197052,47.513153,48.006187,48.620171,49.002056,49.802254,50.400311,52.494686,54.096909,54.200283,55.195045,55.719692,56.815258,57.068329,57.106174,57.862625,58.227200,59.418598,59.750858,59.767883,60.195236,62.312748,62.718372,63.180645,63.503532,63.571648,64.998024,65.436661,65.755203,66.722229,66.749229,67.604866,67.607040,69.314087,69.409889,69.877693,70.650047,70.795341,71.112907,71.269310,71.961464,71.969650,72.563957,73.159637,73.547333,73.667435,73.705681,74.279602,74.384315,77.616653,78.418045,79.270752,79.966873,80.253250,81.657768,82.119614,82.161621,82.281174,82.525719,82.758904,82.990662,83.607468,83.914627,84.779045,85.437401,85.907768,86.172356,86.222633,87.072403,87.275322,87.443047,88.720757,88.823112,88.891258,89.124954,89.582016,90.284210,91.203087,91.514252,92.148712,93.378914,94.213821,94.482727,94.849205,95.206360,95.458054,96.780876,97.021179,97.982826,100.118546,100.261276,100.695732,101.366592,101.392967,101.627579,101.886101,103.403320,104.341103,104.469086,104.982941,105.348114,105.422890,107.243011,107.485321,107.797874,108.474594,108.733398,109.740791,109.765747,110.436752,110.528366,110.863113,111.151176,111.249657,111.313583,112.188599,112.358238,112.402901,112.452705,113.051598,113.414314,114.257996,114.620224,114.711609,114.947800,114.997475,115.509338,115.576385,115.787468,116.263245,116.902908,117.624847,118.040802,118.155701,118.642967,119.263901,119.697601,120.392952,122.049789,124.276268,124.961975,125.637856,126.963387,128.440460,128.500046,130.512360,130.559586,131.153534,131.693466,131.700180,131.745575,131.906708,132.006104,132.328415,132.907761,132.963043,133.517715,134.207687,134.461456,136.229172,136.461609,136.589111,137.213608,137.475754,139.204315,140.197189,142.214493,142.267380,142.296326,142.584183,142.696457,142.732620,143.003845,143.726700,143.738235,144.487457,146.191681,146.706726,147.153671,147.946167,147.977982,148.021149,148.078522,148.867966,148.892258,148.981796,149.081024,149.774460,149.844223,150.244614,150.314148,150.407333,150.725800,152.083450,153.042175,153.211304,153.598328,154.001404,154.402664,154.942337,155.172928,155.369507,155.679489,155.687027,155.863052,156.020920,159.073532,159.232437,159.836411,160.068512,160.304779,160.769760,161.409103,162.223984,162.803558,164.230713,164.399582,164.405731,166.037247,166.501968,167.236908,167.396408,169.417313,169.584351,169.748886,170.633057,170.728714,171.333237,171.916611,172.147552,172.824692,173.021072,174.591080,175.087418,175.163376,175.420532,177.097595,178.020111,179.053085,179.086792,179.215866,179.519104,179.532288,181.643860,182.347427,183.031891,183.540619,183.865341,184.056030,185.664825,185.678360,186.028946,188.085831,188.464569,189.753845,190.784790,191.114594,192.203125,195.165222,197.246353,198.583160,207.266083,211.754410,211.887146,223.008026) 
Elapsed(ms): 23425.3 
Iter: 4
============================
#6: 

Name: ssteqr 
Eigenvalues: [712](-109.879189,-107.966751,-107.529716,-107.377739,-107.006027,-100.128212,-98.857773,-94.390938,-92.272064,-91.653481,-89.036049,-87.019852,-86.850639,-86.366562,-86.120003,-83.385918,-83.156212,-83.123344,-82.605827,-82.058746,-81.226677,-80.834320,-80.591377,-80.487846,-80.441940,-79.848877,-79.787582,-79.450867,-78.324852,-77.639961,-77.156830,-76.542610,-76.337807,-75.489990,-75.120293,-74.976990,-74.849747,-74.107346,-73.802925,-73.663040,-73.078812,-73.001915,-72.787537,-72.604401,-72.393913,-72.311760,-70.613091,-70.503830,-69.795242,-69.246429,-68.901306,-68.239960,-68.032021,-67.702950,-67.308090,-67.068916,-66.932655,-64.272636,-63.803532,-63.548771,-63.519978,-63.415226,-62.826008,-62.710312,-62.639820,-62.000755,-61.918911,-61.803867,-61.785313,-61.651714,-61.556732,-60.914940,-60.705933,-60.693405,-59.948486,-59.380295,-59.172523,-58.562286,-57.431084,-57.402401,-57.353981,-56.986607,-56.424629,-55.183800,-55.008198,-54.996967,-54.959953,-54.452133,-54.022831,-53.699089,-53.422916,-53.203274,-53.089046,-52.971481,-52.798431,-52.018692,-51.971390,-51.951073,-51.718575,-50.799553,-49.951828,-49.288033,-48.992271,-48.771740,-47.993443,-47.573372,-46.968365,-46.676239,-46.605083,-46.536583,-45.731247,-45.526497,-45.071468,-43.116344,-42.799591,-41.994610,-41.802982,-41.731010,-41.440693,-40.754971,-40.737473,-40.560013,-39.764591,-39.356960,-38.939903,-38.893906,-38.833439,-38.209419,-38.024521,-37.949772,-37.911018,-37.296570,-37.066338,-36.989609,-36.938030,-36.268837,-35.348255,-35.241062,-34.976105,-34.717049,-34.057003,-33.599670,-33.587078,-33.367367,-33.212875,-33.033199,-32.684528,-32.375988,-31.677395,-31.434879,-30.873323,-30.826828,-30.370634,-30.216303,-30.196690,-29.914391,-28.517538,-28.443567,-28.414963,-28.273661,-27.800060,-27.612597,-27.525787,-27.310986,-27.229866,-27.011166,-26.699570,-25.299067,-25.257147,-25.071148,-24.978376,-24.444017,-24.235722,-24.173634,-23.961065,-23.822319,-23.739424,-23.514673,-23.338272,-23.034067,-20.319828,-19.491156,-19.365538,-19.324471,-19.278614,-18.859226,-18.674891,-18.370035,-18.327848,-18.129829,-18.049625,-17.856289,-17.704252,-17.627886,-17.579386,-17.453529,-16.887459,-16.786909,-16.195168,-16.164091,-15.452491,-14.349438,-13.907355,-13.769913,-13.687234,-13.062584,-13.025527,-12.722565,-12.162329,-10.801167,-10.151827,-9.931673,-9.722165,-8.971990,-8.379988,-8.170466,-7.939314,-7.846636,-7.778042,-7.682780,-7.495640,-7.447828,-6.700046,-6.310807,-6.093599,-5.809073,-5.624104,-4.598421,-3.834708,-3.333090,-3.194639,-2.991245,-2.310845,-2.277303,-2.127623,-2.039224,-1.705875,-1.416685,-1.292101,-1.204066,0.409972,0.622460,0.909176,1.343023,1.612455,1.825384,2.743039,2.901823,3.427267,4.068845,4.496758,4.606492,5.306006,6.138527,6.727285,7.098706,7.167895,7.840894,7.956906,8.144193,8.693630,9.533861,9.954020,11.499788,11.628480,11.852212,11.936225,12.679238,12.736248,13.249000,14.138820,14.933404,15.666311,16.204504,16.283525,16.525717,16.632166,16.911240,17.063690,17.548113,17.600733,17.870367,18.194382,18.402397,19.860010,20.159224,20.456493,20.723335,21.764252,21.903204,21.916111,22.284136,23.646111,23.910063,25.259811,25.473122,25.515823,27.035187,27.279282,27.336563,28.134808,28.219057,28.459599,28.778030,29.120979,29.204628,29.311132,29.567106,29.851091,30.090332,30.119326,30.362358,31.544678,31.690899,32.316204,32.338737,33.313076,33.548157,33.575653,34.663170,35.511646,35.531029,35.609474,36.326057,36.353531,36.380348,36.580467,37.851208,38.146057,38.308300,38.868351,39.113186,39.564117,39.669483,39.819672,39.911331,39.917721,40.216049,40.393738,40.550419,40.751766,42.112896,42.288601,42.431492,43.310410,43.969788,44.292202,45.071449,46.010178,46.047604,47.174385,47.654091,48.462299,48.760563,49.152332,49.916111,50.703403,50.726082,51.577732,52.280739,52.802769,53.060715,53.197010,53.201252,54.122173,54.462833,54.753986,55.361088,55.857277,55.893494,56.034271,56.041794,56.062637,57.270405,58.235279,58.481884,59.762501,60.241428,61.320213,61.714825,62.366840,62.692902,62.806492,63.353226,64.063873,64.365242,64.852470,65.405045,65.615601,65.888840,66.545654,66.686874,66.958092,67.094902,67.328163,67.988373,68.516571,68.641029,68.696648,68.836731,69.018616,69.769707,70.899460,71.487328,71.736877,72.232582,72.697502,72.933464,74.528152,74.982002,75.652405,76.087433,76.138512,76.247238,76.315552,77.968307,78.474785,78.490303,78.617653,78.918015,79.018333,79.111641,80.235283,80.684578,81.683990,81.862152,82.077812,82.441452,82.478470,83.425179,83.631065,83.828224,83.870552,84.298363,84.982201,85.094284,85.869804,85.907196,86.077095,86.355316,86.732338,87.403015,87.432632,88.261154,88.678528,88.901451,89.460709,90.603172,91.390434,91.526367,91.538513,92.143150,92.665810,92.897171,93.011810,94.290077,94.440842,95.133842,95.289574,95.504776,95.568954,95.731201,95.955917,96.016563,97.241058,97.475060,97.722641,97.901382,98.230255,98.392220,99.369164,99.625343,99.708420,99.869324,99.929550,100.005127,100.345291,100.366524,100.785019,101.143883,101.324585,101.485878,101.667625,102.594688,103.731033,104.348785,104.367020,104.799522,104.854218,105.090530,105.616272,105.769783,106.090508,106.311249,107.470604,108.273941,108.337326,108.581894,108.719772,109.082870,110.731934,110.771904,111.657928,112.243057,112.251122,112.707268,112.930435,113.018272,113.217888,113.419876,113.776581,114.208580,114.277267,114.652931,114.726967,115.493919,116.415703,117.002953,117.003899,117.426056,117.716805,118.273087,118.395897,118.696220,119.176720,119.177452,119.816406,119.952629,120.261963,120.266617,120.699745,120.790619,120.818214,121.195343,122.031578,122.194000,122.724831,122.774895,122.854210,122.957077,123.243111,123.323036,123.396378,123.453682,123.966133,124.550262,125.553925,126.117905,126.492638,126.929008,127.206375,127.366928,127.774826,127.826118,128.123886,128.165039,128.568268,129.034683,129.182312,129.693192,129.781891,130.109894,130.258301,130.471848,130.631821,130.727173,130.885803,130.910477,131.329941,131.597198,131.695740,131.813477,132.288712,132.433197,133.052841,133.450684,134.444321,135.160690,135.301620,136.550461,136.814423,137.333786,137.554276,138.022873,138.162567,138.291183,138.338348,139.362549,140.056824,140.200317,140.444626,140.813171,140.830658,140.882355,141.050568,141.202133,141.453232,141.778320,141.782822,142.252991,143.222534,143.274597,143.312912,143.618790,143.832169,144.157578,145.237228,145.284149,145.498154,147.055817,147.077057,147.234436,147.423187,147.611465,148.119110,148.404419,148.417618,148.824982,148.929031,149.240509,149.956238,150.783249,151.428970,151.965485,153.054535,153.188583,153.929672,154.417908,154.495895,154.556305,155.468918,155.938324,157.146774,157.241898,157.567734,158.709808,159.051620,159.150345,159.232071,159.468948,160.103455,160.202393,160.417725,161.805435,162.019577,162.144653,162.511673,162.620560,163.182571,163.193436,163.613480,164.588928,165.357651,165.864105,166.793564,167.735413,167.935867,168.164169,169.276306,169.548065,169.736832,169.810867,169.980453,170.647049,170.674850,170.929474,170.941757,171.774429,171.889618,172.020920,172.924362,174.287720,175.783447,175.798706,176.387894,177.393402,178.072159,178.742752,179.104156,179.297867,179.365067,179.394257,179.606491,180.649719,181.143478,181.659836,182.278824,183.437927,183.678345,185.041153,185.375153,186.763626,187.877502,188.167145,188.697693,189.882584,190.029877,190.883179,190.901810,191.315674,192.379471,192.392578,192.450165,192.654785,193.233170,195.125397,198.852005,200.189438,206.763428,208.561035,210.028320,210.775085) 
Elapsed(ms): 68.016 
Iter: 0
============================
#6: 

Name: stedc 
Eigenvalues: [712](-109.878227,-107.966873,-107.529724,-107.377953,-107.006165,-100.128403,-98.857246,-94.390953,-92.272285,-91.653328,-89.035965,-87.020020,-86.850952,-86.366745,-86.120102,-83.385956,-83.156013,-83.122681,-82.605736,-82.058853,-81.226357,-80.834282,-80.591064,-80.487816,-80.441437,-79.848938,-79.787888,-79.450867,-78.324600,-77.640121,-77.156715,-76.542587,-76.337769,-75.490112,-75.120033,-74.976883,-74.849762,-74.107544,-73.802681,-73.663254,-73.079102,-73.001694,-72.787354,-72.604660,-72.393715,-72.311607,-70.613174,-70.503807,-69.795250,-69.246490,-68.901390,-68.239677,-68.032089,-67.702782,-67.307907,-67.068512,-66.932709,-64.272766,-63.803303,-63.548927,-63.519886,-63.414997,-62.825920,-62.710213,-62.640015,-62.000576,-61.919132,-61.803642,-61.785343,-61.651653,-61.557030,-60.915176,-60.705669,-60.693481,-59.948956,-59.380322,-59.172253,-58.562317,-57.431011,-57.402317,-57.353924,-56.986443,-56.424423,-55.183823,-55.008083,-54.996689,-54.960075,-54.452068,-54.022507,-53.698940,-53.423206,-53.203110,-53.089260,-52.971447,-52.798164,-52.018791,-51.971264,-51.951248,-51.718437,-50.799458,-49.952103,-49.288269,-48.992393,-48.771759,-47.993336,-47.573727,-46.968266,-46.676189,-46.605278,-46.536865,-45.731354,-45.526531,-45.071461,-43.116035,-42.799721,-41.994617,-41.803078,-41.731110,-41.440800,-40.754940,-40.737648,-40.559879,-39.764477,-39.356838,-38.939854,-38.893826,-38.833374,-38.209579,-38.024414,-37.949776,-37.910877,-37.296318,-37.066547,-36.989517,-36.937557,-36.268543,-35.348076,-35.241077,-34.976044,-34.716839,-34.056698,-33.599598,-33.587090,-33.367390,-33.213055,-33.032948,-32.684727,-32.375809,-31.677452,-31.434690,-30.873861,-30.826780,-30.370394,-30.216295,-30.196518,-29.914667,-28.517431,-28.443228,-28.415255,-28.273571,-27.799700,-27.612726,-27.526112,-27.310949,-27.229786,-27.011141,-26.699495,-25.299219,-25.256853,-25.071259,-24.978357,-24.443811,-24.235474,-24.173956,-23.960920,-23.821898,-23.739386,-23.514784,-23.338232,-23.034109,-20.319782,-19.491220,-19.365437,-19.324451,-19.278591,-18.859205,-18.674623,-18.369982,-18.327654,-18.129946,-18.049326,-17.856279,-17.703926,-17.628094,-17.579174,-17.453405,-16.887251,-16.786556,-16.195082,-16.163954,-15.452585,-14.349280,-13.907184,-13.769855,-13.687201,-13.062788,-13.025519,-12.722701,-12.162411,-10.801253,-10.151614,-9.931694,-9.722050,-8.972012,-8.380170,-8.170370,-7.939208,-7.846762,-7.777805,-7.682498,-7.495604,-7.447878,-6.700003,-6.310895,-6.093570,-5.809020,-5.624095,-4.598299,-3.834809,-3.333292,-3.194674,-2.991143,-2.310828,-2.277344,-2.127544,-2.039227,-1.705919,-1.416706,-1.291943,-1.204420,0.410032,0.622139,0.909077,1.343204,1.612550,1.825320,2.742963,2.901828,3.427371,4.068790,4.496696,4.606578,5.306075,6.138505,6.727217,7.098856,7.167854,7.841006,7.956893,8.144229,8.693559,9.533961,9.954165,11.499634,11.628392,11.852223,11.936251,12.679310,12.736145,13.248982,14.138923,14.933372,15.666331,16.204458,16.283644,16.525635,16.632215,16.911060,17.063850,17.547915,17.600624,17.870453,18.194374,18.402216,19.859879,20.159046,20.456598,20.723417,21.764194,21.903154,21.916130,22.284111,23.646162,23.910049,25.259848,25.473063,25.515919,27.035183,27.279345,27.336552,28.134838,28.218948,28.459675,28.778101,29.120960,29.204567,29.311127,29.567097,29.851177,30.090342,30.119301,30.362385,31.544672,31.690884,32.316380,32.338779,33.313156,33.548084,33.575729,34.663097,35.511642,35.531075,35.609493,36.326019,36.353592,36.380360,36.580524,37.851257,38.146053,38.308189,38.868294,39.113235,39.564137,39.669563,39.819672,39.911362,39.917660,40.216038,40.393745,40.550587,40.751640,42.112972,42.288593,42.431553,43.310352,43.969791,44.292004,45.071442,46.010109,46.047474,47.174294,47.654152,48.462330,48.760605,49.152275,49.916088,50.703423,50.726105,51.577724,52.280598,52.802868,53.060635,53.197010,53.201233,54.122131,54.462845,54.754044,55.361164,55.857342,55.893475,56.034260,56.041843,56.062668,57.270420,58.235237,58.481884,59.762543,60.241432,61.320393,61.714779,62.366871,62.692951,62.806488,63.353226,64.063942,64.365234,64.852493,65.405090,65.615662,65.888741,66.545731,66.686882,66.958153,67.094887,67.328194,67.988266,68.516579,68.641121,68.696671,68.836685,69.018684,69.769577,70.899467,71.487389,71.736794,72.232536,72.697502,72.933441,74.528175,74.982056,75.652405,76.087440,76.138573,76.247337,76.315544,77.968300,78.474854,78.490356,78.617638,78.918068,79.018326,79.111671,80.235344,80.684555,81.683960,81.862198,82.077751,82.441513,82.478462,83.425186,83.631126,83.828247,83.870544,84.298286,84.982193,85.094307,85.869728,85.907127,86.077133,86.355255,86.732376,87.403069,87.432617,88.261208,88.678505,88.901428,89.460754,90.603203,91.390450,91.526382,91.538528,92.142883,92.665833,92.897179,93.011810,94.290039,94.440781,95.133911,95.289619,95.504745,95.568787,95.731262,95.955986,96.016579,97.241074,97.475060,97.722527,97.901299,98.230247,98.392235,99.369148,99.625313,99.708527,99.869385,99.929459,100.005135,100.345284,100.366554,100.785034,101.143959,101.324585,101.485886,101.667625,102.594604,103.731148,104.348862,104.366905,104.799393,104.854225,105.090401,105.616348,105.769775,106.090714,106.311295,107.470612,108.273979,108.337303,108.581795,108.719627,109.082909,110.731918,110.771973,111.657898,112.243042,112.251022,112.707291,112.930443,113.018265,113.217903,113.419861,113.776474,114.208412,114.277138,114.652985,114.727020,115.493950,116.415657,117.002853,117.003960,117.426109,117.716751,118.273079,118.395889,118.696213,119.176720,119.177490,119.816620,119.952461,120.261665,120.266685,120.699707,120.790466,120.818024,121.195236,122.031410,122.193718,122.725037,122.774979,122.854126,122.957108,123.243164,123.323044,123.396370,123.453766,123.966095,124.550247,125.553963,126.117943,126.492500,126.928955,127.206345,127.366905,127.774666,127.825989,128.123825,128.165146,128.568268,129.034760,129.182358,129.693176,129.781982,130.110245,130.258301,130.471741,130.631805,130.726974,130.885986,130.910583,131.330032,131.597107,131.695648,131.813354,132.288803,132.433350,133.052689,133.450607,134.444321,135.160675,135.301544,136.550797,136.814499,137.333649,137.554382,138.022583,138.162369,138.291046,138.338074,139.362579,140.057007,140.200287,140.444519,140.813171,140.830795,140.882416,141.050385,141.201660,141.453110,141.778137,141.782761,142.253250,143.222656,143.273987,143.312973,143.619125,143.832214,144.157486,145.236847,145.283997,145.498047,147.055786,147.077103,147.234512,147.423309,147.611679,148.119370,148.403702,148.417679,148.825409,148.928589,149.240433,149.956268,150.783203,151.429047,151.965652,153.054947,153.188614,153.929535,154.418259,154.495956,154.556091,155.468979,155.938187,157.146515,157.242050,157.567871,158.709396,159.051254,159.149994,159.232513,159.469376,160.103806,160.202682,160.417648,161.805557,162.019302,162.144775,162.511810,162.620300,163.182465,163.193100,163.613724,164.588898,165.357849,165.864410,166.793655,167.735092,167.935760,168.164383,169.276749,169.548248,169.736771,169.810593,169.980408,170.646591,170.674759,170.929596,170.941589,171.774445,171.889084,172.020706,172.924713,174.287613,175.783279,175.798920,176.387527,177.393509,178.072662,178.742752,179.104034,179.298065,179.365082,179.393921,179.606506,180.650024,181.143463,181.660263,182.278488,183.437927,183.677963,185.041183,185.375366,186.763626,187.877899,188.167313,188.697647,189.882217,190.029037,190.883392,190.901337,191.316055,192.379318,192.392365,192.450134,192.654434,193.233261,195.125534,198.851776,200.188873,206.763550,208.560776,210.027954,210.775269) 
Elapsed(ms): 11.3502 
Iter: 0
============================
#6: 

Name: parallel_jacob_music 
Eigenvalues: [712](-109.878654,-107.966728,-107.529655,-107.377502,-107.005989,-100.128342,-98.857491,-94.390808,-92.272110,-91.653328,-89.036125,-87.019867,-86.850670,-86.366341,-86.120094,-83.385757,-83.155891,-83.122856,-82.605667,-82.058716,-81.226563,-80.834122,-80.591103,-80.487755,-80.441620,-79.848747,-79.787399,-79.450745,-78.323418,-77.639900,-77.152527,-76.541748,-76.337425,-75.489868,-75.120232,-74.976776,-74.849564,-74.107430,-73.802704,-73.662994,-73.078522,-73.001724,-72.787292,-72.604515,-72.392776,-72.311264,-70.612701,-70.503677,-69.795250,-69.246002,-68.900925,-68.239586,-68.031189,-67.702858,-67.307625,-67.068192,-66.932426,-64.272285,-63.803448,-63.548779,-63.518562,-63.415207,-62.826023,-62.710258,-62.639664,-62.000523,-61.918758,-61.803745,-61.785271,-61.651600,-61.556740,-60.915089,-60.705730,-60.693443,-59.948372,-59.377460,-59.165512,-58.562233,-57.431046,-57.402420,-57.353954,-56.986526,-56.424435,-55.183762,-55.008026,-54.996643,-54.959930,-54.449360,-54.022751,-53.696865,-53.422897,-53.203239,-53.089108,-52.971363,-52.798164,-52.018627,-51.971218,-51.951092,-51.718540,-50.799618,-49.951786,-49.288002,-48.992325,-48.771572,-47.993404,-47.573292,-46.968296,-46.676128,-46.605164,-46.536549,-45.731110,-45.526310,-45.071449,-43.116219,-42.799625,-41.994507,-41.803108,-41.731079,-41.440670,-40.754910,-40.737450,-40.559856,-39.764385,-39.356621,-38.939861,-38.893742,-38.833469,-38.209358,-38.024483,-37.949360,-37.911003,-37.295319,-37.066242,-36.989365,-36.937637,-36.264690,-35.347988,-35.241032,-34.975647,-34.716499,-34.056530,-33.599487,-33.586151,-33.367393,-33.212841,-33.032913,-32.684437,-32.375576,-31.677219,-31.434769,-30.873566,-30.826878,-30.370363,-30.216120,-30.196632,-29.914549,-28.517477,-28.443363,-28.415138,-28.273611,-27.803585,-27.612598,-27.525831,-27.310896,-27.229818,-27.011139,-26.699383,-25.298841,-25.256453,-25.070942,-24.978415,-24.443636,-24.233721,-24.173674,-23.961121,-23.822002,-23.739380,-23.514616,-23.338245,-23.033979,-20.319824,-19.491020,-19.365490,-19.324535,-19.278543,-18.857817,-18.674490,-18.369823,-18.326977,-18.129749,-18.049463,-17.856796,-17.703979,-17.625412,-17.579273,-17.453175,-16.882799,-16.786539,-16.193596,-16.164045,-15.452502,-14.349302,-13.908344,-13.770356,-13.687153,-13.062669,-13.025517,-12.722219,-12.162190,-10.792698,-10.151616,-9.931693,-9.722030,-8.970406,-8.380170,-8.170286,-7.939116,-7.848207,-7.777785,-7.682732,-7.495579,-7.446086,-6.700147,-6.310708,-6.093719,-5.808592,-5.624038,-4.598320,-3.834802,-3.333302,-3.194655,-2.991253,-2.309866,-2.277089,-2.127532,-2.039144,-1.705823,-1.416875,-1.292173,-1.203229,0.410018,0.622267,0.909106,1.342116,1.612541,1.825233,2.744232,2.901878,3.423449,4.079425,4.496751,4.606443,5.306279,6.138725,6.727138,7.095370,7.167887,7.841033,7.956970,8.144210,8.693597,9.533795,9.954190,11.499380,11.631537,11.852334,11.936232,12.679330,12.736216,13.248904,14.138064,14.933392,15.662045,16.204412,16.283514,16.525686,16.634611,16.910976,17.063692,17.547892,17.600624,17.870380,18.194328,18.402216,19.859966,20.159586,20.456415,20.723341,21.766140,21.902742,21.916128,22.284182,23.646149,23.910114,25.267233,25.473063,25.515886,27.035671,27.279333,27.336496,28.135427,28.219059,28.509457,28.778048,29.121740,29.206001,29.311123,29.542398,29.826056,30.090336,30.117287,30.369656,31.540377,31.690840,32.316456,32.338657,33.312897,33.547935,33.575325,34.663044,35.511520,35.531509,35.609642,36.325939,36.353909,36.381573,36.580093,37.851746,38.145611,38.306984,38.868259,39.113895,39.564121,39.669319,39.819557,39.900093,39.917587,40.215981,40.393650,40.550549,40.751926,42.112968,42.288666,42.431503,43.310379,43.970039,44.292000,45.071468,46.009705,46.046844,47.174248,47.654198,48.462147,48.760448,49.384277,49.957581,50.703201,50.833515,51.577637,52.279430,52.802811,53.060673,53.196953,53.201122,54.122025,54.462852,54.753952,55.361202,55.857166,55.893398,56.034111,56.044884,56.062614,57.270412,58.195480,58.481888,59.762291,60.107121,61.320377,61.714359,62.366940,62.692860,62.806473,63.168961,64.030952,64.365044,64.852074,65.404922,65.615395,65.888550,66.545334,66.686501,66.957825,67.094765,67.328003,67.988197,68.516243,68.640839,68.696449,68.835716,69.018372,69.768806,70.899384,71.486916,71.736626,72.232430,72.697609,72.933540,74.527756,74.982010,75.652115,76.087196,76.138222,76.247093,76.315628,77.968239,78.473816,78.490631,78.617485,78.917885,79.018135,79.111557,80.235214,80.684372,81.682945,81.862373,82.089378,82.443855,82.473709,83.414291,83.630867,83.828163,83.870476,84.298187,84.982094,85.094078,85.869339,85.906586,86.077187,86.355194,86.732338,87.403015,87.432579,88.261078,88.690536,88.903946,89.460670,90.603027,91.390854,91.526459,91.538681,92.142845,92.665588,92.894836,93.011620,94.289848,94.440575,95.133484,95.284409,95.504684,95.568779,95.731117,95.957405,96.016533,97.240852,97.474892,97.721863,97.901108,98.230064,98.392044,99.368965,99.662727,99.675430,99.869072,99.928879,100.001167,100.345253,100.368568,100.771683,101.143707,101.321709,101.485458,101.667107,102.601654,103.730881,104.348816,104.366028,104.799202,104.853691,105.090263,105.616196,105.769684,106.077087,106.312080,107.469826,108.273537,108.337181,108.581665,108.719589,109.081116,110.731850,110.771767,111.657684,112.242905,112.250244,112.712296,112.930397,113.013397,113.217384,113.419258,113.776413,114.196518,114.277130,114.645805,114.726860,115.493217,116.415573,117.002220,117.003601,117.426155,117.716644,118.273026,118.395546,118.696060,119.176598,119.177406,119.816551,119.952286,120.261841,120.266586,120.696632,120.791374,120.817909,121.194931,122.030945,122.193680,122.773674,122.774635,122.816795,122.956863,123.227966,123.320618,123.396156,123.453621,123.965790,124.550018,125.553741,126.117775,126.492203,126.929352,127.205429,127.366875,127.774574,127.824806,128.123230,128.163666,128.567596,129.033951,129.181351,129.692352,129.780853,130.108856,130.257553,130.470901,130.631165,130.726669,130.884811,130.909653,131.329559,131.596191,131.694992,131.813034,132.288071,132.432129,133.052322,133.450058,134.443665,135.159668,135.300858,136.548172,136.813721,137.333298,137.553726,138.021973,138.161957,138.290771,138.337402,139.361816,140.056580,140.199448,140.443970,140.812363,140.830246,140.882126,141.049973,141.201141,141.452927,141.777893,141.782227,142.252853,143.222107,143.273682,143.312729,143.618378,143.831528,144.157028,145.236298,145.283554,145.497421,147.054947,147.076477,147.234299,147.423004,147.611267,148.118698,148.403870,148.417236,148.824570,148.928391,149.240143,149.956009,150.782883,151.428375,151.965515,153.054413,153.188293,153.929230,154.418152,154.495911,154.555954,155.468521,155.937927,157.146576,157.241806,157.567474,158.709457,159.051025,159.149628,159.231537,159.468475,160.103180,160.202164,160.417435,161.805496,162.019135,162.144592,162.510895,162.620270,163.182098,163.192764,163.613297,164.588654,165.357620,165.864075,166.793365,167.734528,167.935852,168.164230,169.276321,169.547729,169.736252,169.810577,169.980255,170.646439,170.674423,170.929459,170.941208,171.774200,171.889206,172.020859,172.924255,174.287766,175.783325,175.798859,176.387375,177.393570,178.072220,178.742783,179.104248,179.297867,179.364990,179.394135,179.606354,180.649689,181.143021,181.659668,182.278412,183.437958,183.677826,185.041061,185.374893,186.763535,187.877502,188.167145,188.697403,189.882172,190.029190,190.883224,190.901794,191.315964,192.379227,192.391785,192.449432,192.654114,193.232941,195.124939,198.851440,200.188919,206.763779,208.560928,210.027695,210.775238) 
Elapsed(ms): 60743.7 
Iter: 4
============================
