#0: 

Name: ssteqr 
Eigenvalues: [6](-41.562630,7.507936,39.210388,63.977299,97.589569,161.661804) 
Elapsed(ms): 0.083975 
Iter: 0
============================
#0: 

Name: stedc 
Eigenvalues: [6](-41.562637,7.507940,39.210403,63.977314,97.589561,161.661819) 
Elapsed(ms): 0.015862 
Iter: 0
============================
#0: 

Name: parallel_jacob_music 
Eigenvalues: [6](-41.562641,7.507943,39.210400,63.977291,97.589569,161.661850) 
Elapsed(ms): 0.363894 
Iter: 3
============================
#1: 

Name: ssteqr 
Eigenvalues: [16](-76.288895,-31.673725,-21.413212,-20.529005,-1.921532,18.321398,23.026041,36.411400,60.749004,90.757774,113.374191,144.185425,149.506454,154.336731,160.878540,188.928391) 
Elapsed(ms): 0.034057 
Iter: 0
============================
#1: 

Name: stedc 
Eigenvalues: [16](-76.288864,-31.673723,-21.413219,-20.529007,-1.921528,18.321409,23.026039,36.411404,60.749004,90.757767,113.374237,144.185425,149.506378,154.336685,160.878494,188.928406) 
Elapsed(ms): 0.010264 
Iter: 0
============================
#1: 

Name: parallel_jacob_music 
Eigenvalues: [16](-76.288872,-31.673714,-21.413216,-20.529009,-1.921528,18.321419,23.026064,36.411404,60.749001,90.757805,113.374184,144.185425,149.506302,154.336853,160.878571,188.928345) 
Elapsed(ms): 2.16983 
Iter: 4
============================
#2: 

Name: ssteqr 
Eigenvalues: [64](-86.634209,-86.400154,-80.871567,-66.411896,-60.043995,-55.180199,-54.108910,-51.334496,-48.335468,-46.930676,-45.513691,-34.946110,-33.473320,-33.258705,-29.192358,-23.984188,-22.218935,-18.685869,-18.559847,-11.877236,-3.531742,-3.117225,-1.738838,11.713717,13.621582,18.698730,29.971523,31.093039,32.080418,36.079430,38.882835,42.298103,47.758705,60.183823,62.478416,64.814133,70.390816,72.856392,74.461365,91.559502,94.887413,95.708755,97.549477,97.888199,106.626411,110.187279,114.893547,120.240822,122.791885,127.825302,130.525696,131.577911,134.317627,145.147903,147.216843,147.838272,154.477386,154.511566,160.836960,168.515671,175.406265,180.816742,182.351791,202.433319) 
Elapsed(ms): 0.501987 
Iter: 0
============================
#2: 

Name: stedc 
Eigenvalues: [64](-86.634247,-86.400055,-80.871590,-66.411972,-60.043961,-55.180080,-54.108841,-51.334480,-48.335545,-46.930752,-45.513603,-34.946159,-33.473320,-33.258709,-29.192358,-23.984161,-22.218966,-18.685839,-18.559883,-11.877302,-3.531696,-3.117276,-1.738869,11.713734,13.621592,18.698700,29.971514,31.093098,32.080376,36.079472,38.882839,42.298141,47.758663,60.183838,62.478474,64.814171,70.390732,72.856346,74.461319,91.559662,94.887459,95.708763,97.549400,97.888214,106.626419,110.187241,114.893532,120.240814,122.791946,127.825218,130.525757,131.577881,134.317642,145.147888,147.216934,147.838287,154.477295,154.511566,160.836945,168.515640,175.406250,180.816803,182.351791,202.433228) 
Elapsed(ms): 0.094706 
Iter: 0
============================
#2: 

Name: parallel_jacob_music 
Eigenvalues: [64](-86.634163,-86.400116,-80.871529,-66.411766,-60.044003,-55.180073,-54.108791,-51.334461,-48.335533,-46.930790,-45.513618,-34.946114,-33.473198,-33.258621,-29.192364,-23.984175,-22.218952,-18.685766,-18.559900,-11.877257,-3.531726,-3.117220,-1.738841,11.713707,13.621554,18.698717,29.971531,31.093054,32.080353,36.079430,38.882835,42.298122,47.758717,60.183842,62.478470,64.814003,70.390663,72.856339,74.461266,91.559578,94.887543,95.708794,97.549339,97.888084,106.626434,110.187256,114.893677,120.240852,122.791840,127.825279,130.525543,131.577667,134.317642,145.147537,147.216827,147.838135,154.477158,154.511383,160.836746,168.515518,175.406311,180.816788,182.351624,202.433350) 
Elapsed(ms): 88.4752 
Iter: 5
============================
#3: 

Name: ssteqr 
Eigenvalues: [128](-107.502487,-97.424538,-89.716728,-85.665413,-81.920731,-77.699661,-73.460030,-69.207207,-67.138184,-65.867149,-64.509079,-60.498077,-59.424046,-57.250259,-56.883759,-56.516212,-53.827644,-52.219669,-50.323566,-46.764118,-45.278267,-40.096024,-39.674313,-38.078976,-37.594406,-37.414028,-35.346001,-34.487415,-34.086758,-31.293251,-29.559502,-28.450661,-27.346697,-23.826586,-23.228622,-19.417641,-14.953942,-14.017921,-12.801297,-5.898373,-3.873195,-0.822568,4.398000,5.012450,7.724473,8.081839,9.859261,10.996017,13.934168,15.260134,15.563314,18.410826,25.242168,26.600903,27.376738,28.820911,29.283880,31.363661,32.933491,33.049496,41.069389,43.463459,43.809048,46.290936,48.414307,51.174389,52.715660,53.273575,54.685421,58.776287,62.413811,62.594875,65.457962,68.184761,71.399902,74.725670,78.814621,80.837669,83.333298,83.708305,88.832382,94.510170,95.151596,97.352959,98.626419,101.256119,102.595894,102.891304,103.347939,104.289429,105.723396,110.540749,112.551781,114.322502,114.454506,120.444038,121.613899,124.408195,125.513130,126.265099,130.206192,131.502106,131.806793,134.058640,136.497147,138.730194,139.606400,142.724121,142.895721,145.488419,147.962646,149.063873,149.806290,151.008347,153.699829,159.252457,163.156219,164.027695,164.171036,169.397629,170.087967,173.708054,181.728577,183.245422,185.881363,186.371948,194.631516,205.353561) 
Elapsed(ms): 1.9571 
Iter: 0
============================
#3: 

Name: stedc 
Eigenvalues: [128](-107.502411,-97.424576,-89.716873,-85.665535,-81.920776,-77.699524,-73.459969,-69.207321,-67.138176,-65.867188,-64.508965,-60.498161,-59.424126,-57.250099,-56.883801,-56.516163,-53.827515,-52.219612,-50.323383,-46.764095,-45.278408,-40.096077,-39.674206,-38.079002,-37.594452,-37.414165,-35.345963,-34.487236,-34.086849,-31.293274,-29.559521,-28.450628,-27.346905,-23.826456,-23.228615,-19.417570,-14.954052,-14.017882,-12.801240,-5.898451,-3.873203,-0.822585,4.398040,5.012432,7.724587,8.081847,9.859312,10.996036,13.934216,15.260080,15.563347,18.410887,25.242249,26.600912,27.376766,28.820894,29.283875,31.363640,32.933502,33.049469,41.069374,43.463440,43.809032,46.290932,48.414238,51.174412,52.715759,53.273510,54.685421,58.776283,62.413757,62.594910,65.457939,68.184761,71.399895,74.725601,78.814598,80.837708,83.333374,83.708282,88.832413,94.510155,95.151573,97.352966,98.626389,101.256172,102.595886,102.891296,103.347939,104.289375,105.723442,110.540771,112.551788,114.322502,114.454498,120.444008,121.613838,124.408188,125.513161,126.265106,130.206131,131.502213,131.806808,134.058594,136.497131,138.730209,139.606323,142.724136,142.895752,145.488373,147.962708,149.063858,149.806335,151.008316,153.699814,159.252502,163.156204,164.027710,164.171387,169.397705,170.087891,173.708160,181.728333,183.245575,185.881317,186.371674,194.631500,205.353775) 
Elapsed(ms): 0.349431 
Iter: 0
============================
#3: 

Name: parallel_jacob_music 
Eigenvalues: [128](-107.502335,-97.424355,-89.716843,-85.665550,-81.920815,-77.699463,-73.459755,-69.207100,-67.137939,-65.866989,-64.508911,-60.498154,-59.424038,-57.250172,-56.883869,-56.516159,-53.827595,-52.219593,-50.323296,-46.764091,-45.278286,-40.095940,-39.674297,-38.078999,-37.594330,-37.413963,-35.345932,-34.487198,-34.086742,-31.293198,-29.559559,-28.450628,-27.346838,-23.826513,-23.228642,-19.417631,-14.953968,-14.017883,-12.801200,-5.898437,-3.873239,-0.822595,4.398030,5.012484,7.724535,8.081835,9.859242,10.996053,13.934201,15.260115,15.563325,18.410833,25.242170,26.600893,27.376781,28.820860,29.283859,31.363670,32.933453,33.049351,41.069298,43.463417,43.809067,46.290974,48.414242,51.174343,52.715706,53.273556,54.685474,58.776276,62.413719,62.594887,65.457802,68.184631,71.399719,74.725487,78.814507,80.837601,83.333321,83.708305,88.832451,94.510139,95.151558,97.352890,98.626228,101.256058,102.595924,102.891289,103.347839,104.289421,105.723335,110.540604,112.551674,114.322350,114.454506,120.444016,121.613838,124.408226,125.513161,126.264885,130.205978,131.501572,131.806412,134.058319,136.496872,138.730057,139.605804,142.723877,142.895248,145.488235,147.962357,149.063507,149.805954,151.008316,153.699478,159.252304,163.156204,164.027649,164.171021,169.397461,170.087982,173.707947,181.728455,183.245407,185.881393,186.371902,194.631271,205.353561) 
Elapsed(ms): 599.748 
Iter: 5
============================
#4: 

Name: ssteqr 
Eigenvalues: [256](-118.165756,-115.235260,-107.961449,-98.376450,-94.755997,-89.743355,-89.132774,-85.108231,-83.460114,-82.097076,-81.040535,-80.421036,-80.033066,-79.971077,-79.783760,-79.723961,-77.159256,-76.373642,-75.763725,-75.754684,-75.545944,-75.389633,-73.311218,-72.929932,-72.588943,-70.562469,-70.003502,-65.545959,-63.619244,-63.149872,-61.243351,-60.280876,-60.144722,-59.228188,-58.424191,-57.647408,-56.976074,-56.792782,-55.232594,-55.081795,-52.033314,-51.525089,-49.607700,-48.916542,-48.640701,-46.190372,-45.047424,-42.861389,-42.737831,-41.349407,-40.970642,-40.506519,-36.497124,-33.775543,-33.259312,-33.046925,-32.448380,-32.005001,-30.800285,-30.298481,-29.570715,-29.567387,-27.175591,-24.547043,-23.755894,-22.908094,-22.713493,-22.204327,-21.349712,-17.849857,-17.838398,-16.582798,-14.882896,-13.934123,-13.663094,-12.148557,-11.317311,-9.983154,-9.169021,-9.002438,-8.297822,-6.747957,-6.314595,-5.782549,-5.492603,-2.219472,-0.785202,0.833918,1.001911,2.981744,3.051687,4.298105,7.961584,8.872674,9.070629,10.505954,13.166333,13.851642,14.562788,16.749203,17.953558,18.794918,19.029375,19.911552,21.083780,22.247396,22.503391,22.547523,26.022331,27.033644,28.782465,29.891914,30.327602,30.838402,34.240078,34.632370,37.826881,40.291359,41.644154,42.974010,45.156139,45.578403,46.211983,48.700874,48.749607,50.407345,52.062439,52.656570,53.209953,55.442131,55.750248,56.903484,57.484692,58.136547,58.628792,59.099606,61.135529,63.358208,65.250534,65.463478,65.522354,66.877327,67.381058,67.633820,70.702370,71.330269,73.976860,75.111412,75.488258,78.535637,79.018829,79.383255,79.897423,80.877762,83.657524,84.096855,85.349548,85.388367,86.644005,88.424477,88.510345,93.765205,94.565308,94.739853,95.403336,95.475311,97.098495,97.950035,99.001442,100.824951,101.138519,101.502167,102.796738,103.355606,103.508629,104.271172,105.998398,106.658394,107.967720,108.850128,109.119759,112.306236,112.435753,113.814392,114.755142,115.737465,118.567368,119.764870,120.472885,121.099159,121.712616,122.220505,123.008347,123.292038,124.984444,125.838531,127.549377,128.031876,129.619125,130.363205,131.623871,132.667053,132.811066,133.312698,134.711639,135.619232,135.627396,138.007904,138.400253,139.690598,140.330215,141.392456,143.871872,144.963257,145.909515,146.114914,146.431503,146.547424,146.577805,147.705185,148.463181,149.103241,149.507751,150.444275,151.656937,156.742386,157.333206,157.715469,159.546265,160.826187,161.653809,161.848801,161.985611,162.776520,163.267838,163.292099,165.007965,165.970932,167.787155,168.693161,170.892410,171.452438,173.091644,173.225662,175.245071,176.962128,177.583588,177.849854,181.039276,181.609650,182.618408,188.601501,193.422028,203.953445,207.063156,209.758698) 
Elapsed(ms): 7.85031 
Iter: 0
============================
#4: 

Name: stedc 
Eigenvalues: [256](-118.165909,-115.235199,-107.961472,-98.376030,-94.756119,-89.743126,-89.132729,-85.108391,-83.460136,-82.097000,-81.040176,-80.421036,-80.033340,-79.971245,-79.783882,-79.723969,-77.159286,-76.373482,-75.763046,-75.754890,-75.545837,-75.390533,-73.311249,-72.929741,-72.588776,-70.562393,-70.003532,-65.546211,-63.619377,-63.149776,-61.243244,-60.280964,-60.144855,-59.228149,-58.424263,-57.647278,-56.976009,-56.793118,-55.232887,-55.081844,-52.033379,-51.525185,-49.607655,-48.916641,-48.640663,-46.190220,-45.047218,-42.861404,-42.737865,-41.349560,-40.970760,-40.506554,-36.497120,-33.775558,-33.259457,-33.046776,-32.448345,-32.005005,-30.800537,-30.298464,-29.570660,-29.567320,-27.175522,-24.546951,-23.756029,-22.907927,-22.713541,-22.204416,-21.349682,-17.850103,-17.838516,-16.582796,-14.882706,-13.934087,-13.663108,-12.148559,-11.317421,-9.983039,-9.168942,-9.002611,-8.297849,-6.747999,-6.314525,-5.782611,-5.492640,-2.219473,-0.785200,0.833847,1.001903,2.981695,3.051729,4.298126,7.961583,8.872694,9.070643,10.505975,13.166307,13.851627,14.562806,16.749161,17.953611,18.794771,19.029339,19.911669,21.083849,22.247431,22.503447,22.547602,26.022242,27.033697,28.782549,29.891905,30.327623,30.838430,34.240116,34.632378,37.826897,40.291328,41.644276,42.974106,45.156116,45.578392,46.212013,48.700893,48.749615,50.407356,52.062389,52.656536,53.209942,55.442165,55.750237,56.903461,57.484734,58.136501,58.628830,59.099628,61.135498,63.358173,65.250488,65.463501,65.522324,66.877335,67.381050,67.633812,70.702370,71.330299,73.976875,75.111465,75.488304,78.535667,79.018837,79.383331,79.897461,80.877777,83.657501,84.096893,85.349518,85.388374,86.644058,88.424454,88.510376,93.765198,94.565277,94.739891,95.403328,95.475342,97.098534,97.949974,99.001556,100.824989,101.138565,101.502167,102.796616,103.355629,103.508614,104.271194,105.998268,106.658379,107.967743,108.850060,109.119720,112.306145,112.435806,113.814362,114.755135,115.737480,118.567383,119.764824,120.472862,121.099236,121.712563,122.220520,123.008308,123.291954,124.984535,125.838531,127.549416,128.031891,129.619003,130.363220,131.623917,132.667084,132.811111,133.312637,134.711548,135.619232,135.627502,138.007965,138.400238,139.690491,140.330307,141.392380,143.871979,144.963181,145.909485,146.114670,146.431534,146.547409,146.577820,147.705307,148.463333,149.103043,149.507629,150.444244,151.657043,156.742386,157.333145,157.715424,159.546494,160.826141,161.653870,161.848969,161.985550,162.776581,163.268143,163.292175,165.008224,165.970840,167.787201,168.693161,170.892471,171.452545,173.091827,173.225479,175.245285,176.962036,177.583847,177.849838,181.039124,181.609528,182.618668,188.601608,193.421814,203.953629,207.062775,209.758789) 
Elapsed(ms): 1.29882 
Iter: 0
============================
#4: 

Name: parallel_jacob_music 
Eigenvalues: [256](-118.165543,-115.235214,-107.961205,-98.375999,-94.756111,-89.743324,-89.132622,-85.108223,-83.460022,-82.097031,-81.040047,-80.420959,-80.033035,-79.970909,-79.783730,-79.723915,-77.159073,-76.373505,-75.763420,-75.754593,-75.545708,-75.389679,-73.310776,-72.929817,-72.588654,-70.562279,-70.003349,-65.545769,-63.619308,-63.149773,-61.243195,-60.280834,-60.144749,-59.228203,-58.424110,-57.647297,-56.976009,-56.792782,-55.232773,-55.081699,-52.033234,-51.525116,-49.607616,-48.916447,-48.640469,-46.190159,-45.047165,-42.861374,-42.737865,-41.349255,-40.970604,-40.506268,-36.497139,-33.775269,-33.259254,-33.046623,-32.448204,-32.004826,-30.800478,-30.298491,-29.570616,-29.567327,-27.175526,-24.547026,-23.756042,-22.907934,-22.713564,-22.204288,-21.349709,-17.849951,-17.838438,-16.582735,-14.882730,-13.934135,-13.663103,-12.148483,-11.317361,-9.983073,-9.168990,-9.002438,-8.297815,-6.748071,-6.314572,-5.782573,-5.492575,-2.219465,-0.785149,0.833871,1.001922,2.981709,3.051744,4.298150,7.961583,8.872674,9.070623,10.505972,13.166368,13.851578,14.562813,16.749111,17.953644,18.794815,19.029329,19.911610,21.083767,22.247347,22.503424,22.547600,26.022278,27.033653,28.782478,29.891903,30.327583,30.838387,34.240036,34.632210,37.826881,40.291306,41.644188,42.973969,45.156017,45.578388,46.211933,48.700771,48.749493,50.407349,52.062382,52.656456,53.209888,55.442181,55.750111,56.903439,57.484623,58.136372,58.628857,59.099644,61.135471,63.357841,65.249954,65.463432,65.521980,66.876938,67.380669,67.633751,70.701981,71.330093,73.976692,75.111084,75.487991,78.535545,79.018707,79.383133,79.897179,80.877647,83.657150,84.096817,85.349396,85.388229,86.643875,88.424545,88.510384,93.765129,94.565201,94.739761,95.403282,95.475296,97.098183,97.949806,99.001259,100.824760,101.138336,101.502121,102.796394,103.355423,103.508423,104.271111,105.998192,106.658043,107.967438,108.850021,109.119576,112.306114,112.435562,113.814156,114.755188,115.737381,118.567223,119.764786,120.472633,121.099030,121.712547,122.220360,123.008125,123.291679,124.984360,125.838181,127.549370,128.031372,129.618515,130.362503,131.622772,132.666428,132.809982,133.312363,134.710907,135.618576,135.627045,138.007370,138.399567,139.690353,140.329575,141.391663,143.871323,144.962540,145.909103,146.114136,146.431015,146.547012,146.577545,147.705032,148.462708,149.102615,149.506836,150.443542,151.656754,156.742310,157.332794,157.715118,159.546371,160.825912,161.653412,161.848312,161.985413,162.776062,163.267365,163.292038,165.007278,165.970657,167.786972,168.692841,170.892456,171.452606,173.091553,173.225403,175.244766,176.962067,177.583755,177.849640,181.038712,181.609512,182.618408,188.601654,193.421707,203.953201,207.063019,209.758499) 
Elapsed(ms): 5667.41 
Iter: 6
============================
#5: 

Name: ssteqr 
Eigenvalues: [512](-109.830246,-100.122337,-98.222633,-95.227158,-93.797302,-93.764709,-90.714157,-89.523010,-86.178070,-86.085449,-80.538460,-80.331711,-77.856789,-77.594040,-77.401863,-76.865303,-76.457970,-75.033607,-74.154289,-74.153885,-73.271889,-73.051613,-73.008865,-72.964478,-72.693024,-72.681999,-72.160278,-70.604767,-70.518402,-70.239784,-69.631096,-68.978973,-68.306816,-68.175896,-67.939362,-67.762733,-67.534187,-66.756981,-66.650223,-66.515388,-66.383247,-66.173157,-66.058014,-65.249512,-65.146301,-65.107025,-64.518913,-63.904938,-61.079041,-61.068077,-60.050797,-59.520233,-59.291813,-58.818611,-58.705128,-58.586403,-57.845009,-57.703835,-57.339207,-55.855507,-55.226009,-54.147820,-53.478401,-52.399277,-52.305588,-52.226906,-51.564045,-51.057835,-50.984440,-50.850468,-50.732574,-50.679665,-50.669952,-49.434296,-49.171204,-47.935631,-47.902122,-45.590309,-44.989807,-44.232475,-44.037052,-42.648792,-42.130196,-41.093040,-40.955650,-39.831688,-39.654964,-39.397949,-39.234516,-39.000816,-38.879734,-38.861992,-38.564026,-36.463783,-35.175133,-34.883320,-33.753769,-33.360046,-33.133720,-32.234108,-32.006958,-31.775078,-30.978594,-30.315638,-29.678225,-29.253452,-28.922762,-28.589472,-28.507824,-27.918245,-27.878395,-27.847979,-26.563843,-25.778856,-25.486652,-23.987864,-23.709505,-23.373407,-22.937054,-22.022112,-20.972713,-20.446644,-20.426472,-20.423216,-20.314129,-18.832331,-18.734312,-18.266882,-17.164272,-16.463779,-15.889318,-14.368453,-14.290555,-13.542505,-13.542160,-13.371428,-13.207352,-12.993762,-12.931335,-12.579086,-12.263654,-11.944265,-11.776688,-11.700720,-11.380772,-11.291807,-9.765565,-8.731554,-8.654191,-8.625075,-7.332954,-6.686578,-6.524876,-6.347558,-6.282905,-6.155683,-5.904442,-5.845545,-5.749638,-5.697072,-4.534662,-4.118929,-3.539165,-2.959120,-2.018388,0.234340,1.201427,1.380077,2.366992,2.434906,2.951334,3.336624,4.476194,4.726844,5.037812,5.591602,5.657611,5.685164,5.719595,6.045030,6.911495,7.528431,8.638339,8.641498,10.993164,11.178100,11.259306,11.697818,11.851995,12.655463,12.927005,13.350899,13.446274,14.002079,15.075558,15.909346,16.716021,17.132284,17.737389,17.893177,18.140921,18.434902,18.484003,18.565882,18.977749,19.612345,21.685677,21.738029,22.363638,22.801390,23.039644,23.871937,25.386511,25.635813,26.185991,26.894316,29.207146,29.850319,30.857992,31.079039,31.905951,32.594627,32.625225,33.016972,33.746994,33.970829,34.167595,34.479282,35.068604,35.273056,35.617043,36.188511,36.713791,37.162895,37.340622,37.844627,38.134392,40.422600,40.724121,41.696758,41.947273,42.306370,42.809292,43.594788,44.334690,44.413536,44.862133,47.197041,47.513187,48.006203,48.620251,49.002182,49.802422,50.400429,52.494827,54.096882,54.200340,55.194973,55.714485,56.815369,57.068001,57.105946,57.862770,58.227318,59.418652,59.750938,59.768002,60.192722,62.312748,62.718132,63.180763,63.503613,63.571972,64.998199,65.430138,65.746269,66.722420,66.728851,67.607262,67.628181,69.314346,69.410065,69.876564,70.650009,70.796150,71.113075,71.269218,71.959297,71.972984,72.564011,73.161819,73.545944,73.667809,73.705894,74.279213,74.384308,77.616837,78.419014,79.270706,79.967117,80.250694,81.660522,82.123375,82.161896,82.281235,82.526405,82.761063,82.990646,83.607666,83.914658,84.777641,85.437706,85.907753,86.172470,86.221581,87.072411,87.274925,87.441826,88.721024,88.823036,88.891296,89.124893,89.582611,90.285683,91.203285,91.517502,92.156807,93.378952,94.213829,94.482811,94.849228,95.206261,95.458099,96.780785,97.021217,97.980431,100.118011,100.261406,100.694351,101.371155,101.393097,101.626152,101.886185,103.403755,104.341454,104.469162,104.982956,105.348389,105.422798,107.242943,107.485207,107.798027,108.474701,108.733574,109.740784,109.757187,110.436707,110.523201,110.863228,111.151100,111.248360,111.315857,112.189308,112.358299,112.403023,112.452698,113.051628,113.414146,114.258049,114.620995,114.711800,114.947914,114.997635,115.510078,115.576889,115.784424,116.272171,116.919830,117.625114,118.044022,118.155769,118.643211,119.264076,119.697128,120.392899,122.049980,124.276741,124.961952,125.637924,126.963760,128.440781,128.500824,130.513443,130.565506,131.154358,131.693863,131.700729,131.751831,131.906693,132.007034,132.329208,132.908417,132.963837,133.522049,134.208603,134.462708,136.229492,136.462067,136.589386,137.214203,137.475891,139.204956,140.198288,142.214874,142.267471,142.296555,142.584778,142.696747,142.732864,143.003601,143.727295,143.738358,144.488419,146.191849,146.707367,147.154007,147.946747,147.978302,148.021179,148.078751,148.868347,148.892471,148.981964,149.081680,149.775055,149.844620,150.244934,150.314362,150.406891,150.726166,152.083664,153.042389,153.211426,153.598770,154.001678,154.402847,154.942383,155.173370,155.369827,155.679916,155.687363,155.863205,156.021118,159.073547,159.232910,159.836441,160.068893,160.304932,160.769791,161.409729,162.224197,162.803665,164.231384,164.399445,164.405624,166.037415,166.502274,167.237198,167.396637,169.417923,169.584763,169.749207,170.633621,170.729294,171.333359,171.917007,172.147858,172.824844,173.021118,174.591324,175.087280,175.163239,175.421280,177.098022,178.020065,179.053223,179.086853,179.215729,179.519455,179.532227,181.644073,182.347946,183.032288,183.540680,183.865143,184.056320,185.664825,185.678162,186.028854,188.085800,188.464203,189.753647,190.785248,191.114426,192.203339,195.165268,197.246292,198.583450,207.266678,211.754608,211.887131,223.008575) 
Elapsed(ms): 37.7456 
Iter: 0
============================
#5: 

Name: stedc 
Eigenvalues: [512](-109.830261,-100.122177,-98.222450,-95.227112,-93.797287,-93.764694,-90.713928,-89.522659,-86.178322,-86.085434,-80.538483,-80.331650,-77.857208,-77.594193,-77.401703,-76.865318,-76.458267,-75.033379,-74.154472,-74.153358,-73.272026,-73.051903,-73.009132,-72.964294,-72.692924,-72.682060,-72.160339,-70.604980,-70.518333,-70.239822,-69.630989,-68.978981,-68.306931,-68.175896,-67.939285,-67.762863,-67.533966,-66.757271,-66.650116,-66.515457,-66.383492,-66.172966,-66.058228,-65.249344,-65.146599,-65.107208,-64.518715,-63.905125,-61.079082,-61.067970,-60.050682,-59.520374,-59.291721,-58.818748,-58.705311,-58.586334,-57.845062,-57.703773,-57.339005,-55.855656,-55.226223,-54.147686,-53.478443,-52.399242,-52.305786,-52.226906,-51.564041,-51.057793,-50.984623,-50.850407,-50.732647,-50.679558,-50.669983,-49.434372,-49.171185,-47.935719,-47.902264,-45.590103,-44.990086,-44.232159,-44.037006,-42.648891,-42.130177,-41.093060,-40.955566,-39.831451,-39.655003,-39.397896,-39.234512,-39.000813,-38.879807,-38.862007,-38.563950,-36.463806,-35.175156,-34.883297,-33.753792,-33.359997,-33.133369,-32.234100,-32.006893,-31.774935,-30.978649,-30.315603,-29.678301,-29.253391,-28.922716,-28.589502,-28.507708,-27.918171,-27.878479,-27.847929,-26.563858,-25.778839,-25.486748,-23.987879,-23.709496,-23.373394,-22.937124,-22.021997,-20.972580,-20.446850,-20.426430,-20.423260,-20.314295,-18.832355,-18.734280,-18.266838,-17.164375,-16.463604,-15.889321,-14.368643,-14.290574,-13.542516,-13.542208,-13.371285,-13.207411,-12.993690,-12.931331,-12.579179,-12.263721,-11.944218,-11.776712,-11.700735,-11.380898,-11.291782,-9.765567,-8.731519,-8.654346,-8.625178,-7.332944,-6.686463,-6.524905,-6.347602,-6.282745,-6.155761,-5.904349,-5.845474,-5.749786,-5.697087,-4.534593,-4.118927,-3.539065,-2.959153,-2.018301,0.234281,1.201422,1.380051,2.366928,2.434986,2.951385,3.336692,4.476177,4.726890,5.037765,5.591667,5.657634,5.685170,5.719641,6.045031,6.911556,7.528490,8.638339,8.641527,10.993093,11.178140,11.259276,11.697962,11.851993,12.655371,12.927086,13.350960,13.446334,14.002035,15.075593,15.909455,16.716017,17.132273,17.737383,17.893280,18.140928,18.434870,18.483992,18.565887,18.977789,19.612427,21.685659,21.738056,22.363605,22.801332,23.039742,23.871834,25.386478,25.635809,26.185961,26.894381,29.207165,29.850359,30.858034,31.079077,31.905874,32.594650,32.625416,33.016979,33.746914,33.970718,34.167671,34.479378,35.068630,35.273022,35.617027,36.188580,36.713818,37.162891,37.340546,37.844711,38.134274,40.422699,40.724197,41.696823,41.947327,42.306255,42.809132,43.594788,44.334751,44.413521,44.862099,47.197052,47.513073,48.006195,48.620144,49.002178,49.802330,50.400433,52.494820,54.096882,54.200291,55.195042,55.714287,56.815315,57.067951,57.105991,57.862679,58.227097,59.418613,59.750896,59.767834,60.192608,62.312740,62.718117,63.180618,63.503498,63.571735,64.998062,65.430183,65.746284,66.722557,66.728935,67.607140,67.628136,69.314476,69.410034,69.876617,70.649986,70.796051,71.113014,71.269279,71.959305,71.972900,72.563950,73.161842,73.546028,73.667503,73.705788,74.279091,74.384323,77.616814,78.419060,79.270790,79.967010,80.250748,81.660576,82.123360,82.161690,82.281219,82.526367,82.761047,82.990829,83.607788,83.914795,84.777626,85.437668,85.907486,86.172523,86.221680,87.072525,87.274925,87.441833,88.720886,88.822937,88.891273,89.124947,89.582581,90.285538,91.203224,91.517532,92.156975,93.379028,94.213753,94.482651,94.849312,95.206329,95.458221,96.780640,97.021362,97.980446,100.118240,100.261314,100.694427,101.371155,101.392952,101.626099,101.886322,103.403664,104.341461,104.469124,104.982903,105.348213,105.422806,107.243019,107.485374,107.798195,108.474739,108.733566,109.740578,109.757111,110.437096,110.523232,110.862984,111.150864,111.248421,111.315796,112.189575,112.358345,112.402878,112.452888,113.051636,113.414085,114.257988,114.621017,114.711647,114.947975,114.997330,115.510201,115.576927,115.784554,116.272301,116.919945,117.625252,118.043907,118.155823,118.643135,119.263878,119.697098,120.392731,122.049812,124.276733,124.961945,125.638123,126.963409,128.441086,128.500885,130.513275,130.565582,131.154251,131.693848,131.700974,131.751755,131.906891,132.007065,132.329407,132.908096,132.963821,133.521927,134.208817,134.462738,136.229691,136.462143,136.589584,137.214127,137.476166,139.204971,140.198395,142.214706,142.267563,142.296799,142.585052,142.696869,142.732712,143.003387,143.727234,143.738419,144.488159,146.191940,146.707138,147.153717,147.946777,147.978394,148.021561,148.078644,148.868179,148.892761,148.982239,149.081711,149.775085,149.844482,150.244690,150.314606,150.407669,150.726166,152.083847,153.042038,153.211639,153.598785,154.001617,154.402954,154.942230,155.173218,155.369827,155.679703,155.687485,155.863312,156.021194,159.073807,159.232819,159.836746,160.068863,160.305023,160.770035,161.409851,162.224060,162.803604,164.231171,164.399597,164.405777,166.037628,166.502258,167.237381,167.396622,169.417480,169.584915,169.749283,170.633621,170.728943,171.333572,171.917038,172.147858,172.824600,173.020935,174.590927,175.087418,175.163651,175.420700,177.097641,178.020447,179.053314,179.086823,179.215805,179.519257,179.532257,181.643814,182.347595,183.031967,183.540878,183.865173,184.055923,185.665115,185.678375,186.028870,188.085739,188.464401,189.753632,190.785172,191.114380,192.203644,195.165405,197.246445,198.583572,207.266693,211.754761,211.887146,223.008606) 
Elapsed(ms): 6.16054 
Iter: 0
============================
#5: 

Name: parallel_jacob_music 
Eigenvalues: [512](-109.830132,-100.122185,-98.222488,-95.227234,-93.797218,-93.764496,-90.714218,-89.522736,-86.178215,-86.085388,-80.538307,-80.331360,-77.856934,-77.593803,-77.401489,-76.865044,-76.458153,-75.033241,-74.154320,-74.153412,-73.271751,-73.051460,-73.009369,-72.963913,-72.692627,-72.681770,-72.160019,-70.604622,-70.518082,-70.239517,-69.630920,-68.978737,-68.306511,-68.175735,-67.939087,-67.762482,-67.533638,-66.757034,-66.649994,-66.515114,-66.383469,-66.172668,-66.057953,-65.249237,-65.146324,-65.106865,-64.518478,-63.905014,-61.079109,-61.067894,-60.050648,-59.520199,-59.291679,-58.818752,-58.705116,-58.586597,-57.844967,-57.703617,-57.338928,-55.855465,-55.226177,-54.147572,-53.478363,-52.399193,-52.305664,-52.226833,-51.563866,-51.057674,-50.984463,-50.850281,-50.732563,-50.679539,-50.669891,-49.434208,-49.171204,-47.935650,-47.902206,-45.590137,-44.989887,-44.232197,-44.036942,-42.648811,-42.130085,-41.093014,-40.955574,-39.831413,-39.654961,-39.397858,-39.234428,-39.000710,-38.879776,-38.861805,-38.563919,-36.463760,-35.175030,-34.883175,-33.753567,-33.359879,-33.133469,-32.233871,-32.006844,-31.775002,-30.978594,-30.315584,-29.678226,-29.253372,-28.922684,-28.589535,-28.507683,-27.918139,-27.878410,-27.847923,-26.563848,-25.778793,-25.486715,-23.987898,-23.709515,-23.373394,-22.937031,-22.022064,-20.972544,-20.446781,-20.426401,-20.423206,-20.314272,-18.832298,-18.734192,-18.266853,-17.164322,-16.463516,-15.889322,-14.368627,-14.290539,-13.542505,-13.542161,-13.371305,-13.207355,-12.993685,-12.931308,-12.579186,-12.263712,-11.944182,-11.776725,-11.700711,-11.380860,-11.291782,-9.765548,-8.731485,-8.654323,-8.625158,-7.332969,-6.686456,-6.524825,-6.347602,-6.282736,-6.155701,-5.904340,-5.845501,-5.749757,-5.697080,-4.534579,-4.118880,-3.539098,-2.959170,-2.018284,0.234281,1.201434,1.380052,2.366906,2.434906,2.951374,3.336662,4.476170,4.726865,5.037729,5.591681,5.657600,5.685144,5.719635,6.045027,6.911528,7.528462,8.638313,8.641497,10.993056,11.178142,11.259251,11.697914,11.852028,12.655367,12.927112,13.350909,13.446350,14.002017,15.075549,15.909447,16.715965,17.132212,17.737394,17.893194,18.140907,18.434843,18.483942,18.565819,18.977758,19.612411,21.685678,21.738054,22.363682,22.801382,23.039673,23.871853,25.386454,25.635767,26.185976,26.894329,29.207130,29.850227,30.857912,31.079023,31.905966,32.594330,32.625294,33.016769,33.746712,33.970638,34.167625,34.479126,35.068443,35.272877,35.616947,36.188553,36.713852,37.162880,37.340534,37.844654,38.134258,40.422646,40.724121,41.696774,41.947224,42.306286,42.809174,43.594692,44.334690,44.413593,44.862061,47.197021,47.513302,48.006187,48.620132,49.002079,49.802269,50.400330,52.494747,54.096916,54.200314,55.195007,55.714287,56.815285,57.067932,57.105869,57.862682,58.227173,59.418701,59.750874,59.767857,60.192600,62.312729,62.718117,63.180592,63.503441,63.571632,64.998055,65.429703,65.745850,66.722359,66.728600,67.607010,67.627846,69.314064,69.409927,69.876343,70.649750,70.795799,71.112816,71.269051,71.958992,71.972504,72.563698,73.161636,73.545883,73.667412,73.705551,74.279015,74.384338,77.616684,78.418976,79.270645,79.966728,80.250427,81.660240,82.123116,82.161530,82.281212,82.526047,82.760818,82.990631,83.607666,83.914642,84.777573,85.437561,85.907700,86.172386,86.221443,87.072510,87.274681,87.441765,88.720947,88.822945,88.890968,89.124992,89.582443,90.285416,91.203117,91.517380,92.156662,93.378624,94.213737,94.482719,94.849174,95.206421,95.458206,96.780685,97.021225,97.980072,100.117844,100.261276,100.693977,101.370819,101.392921,101.625702,101.886230,103.403664,104.341232,104.469025,104.982857,105.348274,105.422737,107.242897,107.485413,107.797951,108.474594,108.733253,109.740784,109.757187,110.436852,110.523193,110.863083,111.151161,111.248383,111.315933,112.188927,112.358017,112.402939,112.452629,113.051331,113.413818,114.258041,114.621040,114.711723,114.948006,114.997452,115.510086,115.576729,115.784378,116.272049,116.919769,117.625168,118.043571,118.155739,118.643059,119.263855,119.697029,120.392998,122.049835,124.276474,124.961861,125.637749,126.963387,128.440506,128.500031,130.512253,130.564621,131.153320,131.693466,131.700226,131.750610,131.906708,132.005844,132.328247,132.907913,132.963135,133.520920,134.208115,134.461319,136.229187,136.461823,136.589096,137.213333,137.475693,139.204346,140.197311,142.214554,142.267365,142.296219,142.584229,142.696503,142.732498,143.003708,143.726822,143.738220,144.487915,146.191544,146.706833,147.153671,147.945923,147.977798,148.021072,148.078323,148.868088,148.892410,148.981674,149.080948,149.774811,149.844330,150.244598,150.314224,150.407288,150.725494,152.083603,153.042175,153.211197,153.598419,154.001144,154.402817,154.942337,155.172913,155.369492,155.679489,155.687424,155.862686,156.021210,159.073547,159.232483,159.836334,160.068375,160.304825,160.769669,161.409195,162.223938,162.803574,164.230804,164.399796,164.405258,166.037399,166.501938,167.236938,167.396484,169.417358,169.584503,169.748947,170.633011,170.728867,171.332916,171.916763,172.147797,172.824677,173.021057,174.590836,175.087387,175.163254,175.420822,177.097641,178.020096,179.053085,179.086670,179.215881,179.519180,179.532166,181.643845,182.347488,183.031937,183.540604,183.865356,184.055939,185.664764,185.678391,186.028885,188.085709,188.464539,189.753937,190.784851,191.114517,192.203171,195.165421,197.246307,198.583099,207.266281,211.754501,211.887039,223.008224) 
Elapsed(ms): 46571.3 
Iter: 6
============================
#6: 

Name: ssteqr 
Eigenvalues: [712](-109.879189,-107.966751,-107.529716,-107.377739,-107.006027,-100.128212,-98.857773,-94.390938,-92.272064,-91.653481,-89.036049,-87.019852,-86.850639,-86.366562,-86.120003,-83.385918,-83.156212,-83.123344,-82.605827,-82.058746,-81.226677,-80.834320,-80.591377,-80.487846,-80.441940,-79.848877,-79.787582,-79.450867,-78.324852,-77.639961,-77.156830,-76.542610,-76.337807,-75.489990,-75.120293,-74.976990,-74.849747,-74.107346,-73.802925,-73.663040,-73.078812,-73.001915,-72.787537,-72.604401,-72.393913,-72.311760,-70.613091,-70.503830,-69.795242,-69.246429,-68.901306,-68.239960,-68.032021,-67.702950,-67.308090,-67.068916,-66.932655,-64.272636,-63.803532,-63.548771,-63.519978,-63.415226,-62.826008,-62.710312,-62.639820,-62.000755,-61.918911,-61.803867,-61.785313,-61.651714,-61.556732,-60.914940,-60.705933,-60.693405,-59.948486,-59.380295,-59.172523,-58.562286,-57.431084,-57.402401,-57.353981,-56.986607,-56.424629,-55.183800,-55.008198,-54.996967,-54.959953,-54.452133,-54.022831,-53.699089,-53.422916,-53.203274,-53.089046,-52.971481,-52.798431,-52.018692,-51.971390,-51.951073,-51.718575,-50.799553,-49.951828,-49.288033,-48.992271,-48.771740,-47.993443,-47.573372,-46.968365,-46.676239,-46.605083,-46.536583,-45.731247,-45.526497,-45.071468,-43.116344,-42.799591,-41.994610,-41.802982,-41.731010,-41.440693,-40.754971,-40.737473,-40.560013,-39.764591,-39.356960,-38.939903,-38.893906,-38.833439,-38.209419,-38.024521,-37.949772,-37.911018,-37.296570,-37.066338,-36.989609,-36.938030,-36.268837,-35.348255,-35.241062,-34.976105,-34.717049,-34.057003,-33.599670,-33.587078,-33.367367,-33.212875,-33.033199,-32.684528,-32.375988,-31.677395,-31.434879,-30.873323,-30.826828,-30.370634,-30.216303,-30.196690,-29.914391,-28.517538,-28.443567,-28.414963,-28.273661,-27.800060,-27.612597,-27.525787,-27.310986,-27.229866,-27.011166,-26.699570,-25.299067,-25.257147,-25.071148,-24.978376,-24.444017,-24.235722,-24.173634,-23.961065,-23.822319,-23.739424,-23.514673,-23.338272,-23.034067,-20.319828,-19.491156,-19.365538,-19.324471,-19.278614,-18.859226,-18.674891,-18.370035,-18.327848,-18.129829,-18.049625,-17.856289,-17.704252,-17.627886,-17.579386,-17.453529,-16.887459,-16.786909,-16.195168,-16.164091,-15.452491,-14.349438,-13.907355,-13.769913,-13.687234,-13.062584,-13.025527,-12.722565,-12.162329,-10.801167,-10.151827,-9.931673,-9.722165,-8.971990,-8.379988,-8.170466,-7.939314,-7.846636,-7.778042,-7.682780,-7.495640,-7.447828,-6.700046,-6.310807,-6.093599,-5.809073,-5.624104,-4.598421,-3.834708,-3.333090,-3.194639,-2.991245,-2.310845,-2.277303,-2.127623,-2.039224,-1.705875,-1.416685,-1.292101,-1.204066,0.409972,0.622460,0.909176,1.343023,1.612455,1.825384,2.743039,2.901823,3.427267,4.068845,4.496758,4.606492,5.306006,6.138527,6.727285,7.098706,7.167895,7.840894,7.956906,8.144193,8.693630,9.533861,9.954020,11.499788,11.628480,11.852212,11.936225,12.679238,12.736248,13.249000,14.138820,14.933404,15.666311,16.204504,16.283525,16.525717,16.632166,16.911240,17.063690,17.548113,17.600733,17.870367,18.194382,18.402397,19.860010,20.159224,20.456493,20.723335,21.764252,21.903204,21.916111,22.284136,23.646111,23.910063,25.259811,25.473122,25.515823,27.035187,27.279282,27.336563,28.134808,28.219057,28.459599,28.778030,29.120979,29.204628,29.311132,29.567106,29.851091,30.090332,30.119326,30.362358,31.544678,31.690899,32.316204,32.338737,33.313076,33.548157,33.575653,34.663170,35.511646,35.531029,35.609474,36.326057,36.353531,36.380348,36.580467,37.851208,38.146057,38.308300,38.868351,39.113186,39.564117,39.669483,39.819672,39.911331,39.917721,40.216049,40.393738,40.550419,40.751766,42.112896,42.288601,42.431492,43.310410,43.969788,44.292202,45.071449,46.010178,46.047604,47.174385,47.654091,48.462299,48.760563,49.152332,49.916111,50.703403,50.726082,51.577732,52.280739,52.802769,53.060715,53.197010,53.201252,54.122173,54.462833,54.753986,55.361088,55.857277,55.893494,56.034271,56.041794,56.062637,57.270405,58.235279,58.481884,59.762501,60.241428,61.320213,61.714825,62.366840,62.692902,62.806492,63.353226,64.063873,64.365242,64.852470,65.405045,65.615601,65.888840,66.545654,66.686874,66.958092,67.094902,67.328163,67.988373,68.516571,68.641029,68.696648,68.836731,69.018616,69.769707,70.899460,71.487328,71.736877,72.232582,72.697502,72.933464,74.528152,74.982002,75.652405,76.087433,76.138512,76.247238,76.315552,77.968307,78.474785,78.490303,78.617653,78.918015,79.018333,79.111641,80.235283,80.684578,81.683990,81.862152,82.077812,82.441452,82.478470,83.425179,83.631065,83.828224,83.870552,84.298363,84.982201,85.094284,85.869804,85.907196,86.077095,86.355316,86.732338,87.403015,87.432632,88.261154,88.678528,88.901451,89.460709,90.603172,91.390434,91.526367,91.538513,92.143150,92.665810,92.897171,93.011810,94.290077,94.440842,95.133842,95.289574,95.504776,95.568954,95.731201,95.955917,96.016563,97.241058,97.475060,97.722641,97.901382,98.230255,98.392220,99.369164,99.625343,99.708420,99.869324,99.929550,100.005127,100.345291,100.366524,100.785019,101.143883,101.324585,101.485878,101.667625,102.594688,103.731033,104.348785,104.367020,104.799522,104.854218,105.090530,105.616272,105.769783,106.090508,106.311249,107.470604,108.273941,108.337326,108.581894,108.719772,109.082870,110.731934,110.771904,111.657928,112.243057,112.251122,112.707268,112.930435,113.018272,113.217888,113.419876,113.776581,114.208580,114.277267,114.652931,114.726967,115.493919,116.415703,117.002953,117.003899,117.426056,117.716805,118.273087,118.395897,118.696220,119.176720,119.177452,119.816406,119.952629,120.261963,120.266617,120.699745,120.790619,120.818214,121.195343,122.031578,122.194000,122.724831,122.774895,122.854210,122.957077,123.243111,123.323036,123.396378,123.453682,123.966133,124.550262,125.553925,126.117905,126.492638,126.929008,127.206375,127.366928,127.774826,127.826118,128.123886,128.165039,128.568268,129.034683,129.182312,129.693192,129.781891,130.109894,130.258301,130.471848,130.631821,130.727173,130.885803,130.910477,131.329941,131.597198,131.695740,131.813477,132.288712,132.433197,133.052841,133.450684,134.444321,135.160690,135.301620,136.550461,136.814423,137.333786,137.554276,138.022873,138.162567,138.291183,138.338348,139.362549,140.056824,140.200317,140.444626,140.813171,140.830658,140.882355,141.050568,141.202133,141.453232,141.778320,141.782822,142.252991,143.222534,143.274597,143.312912,143.618790,143.832169,144.157578,145.237228,145.284149,145.498154,147.055817,147.077057,147.234436,147.423187,147.611465,148.119110,148.404419,148.417618,148.824982,148.929031,149.240509,149.956238,150.783249,151.428970,151.965485,153.054535,153.188583,153.929672,154.417908,154.495895,154.556305,155.468918,155.938324,157.146774,157.241898,157.567734,158.709808,159.051620,159.150345,159.232071,159.468948,160.103455,160.202393,160.417725,161.805435,162.019577,162.144653,162.511673,162.620560,163.182571,163.193436,163.613480,164.588928,165.357651,165.864105,166.793564,167.735413,167.935867,168.164169,169.276306,169.548065,169.736832,169.810867,169.980453,170.647049,170.674850,170.929474,170.941757,171.774429,171.889618,172.020920,172.924362,174.287720,175.783447,175.798706,176.387894,177.393402,178.072159,178.742752,179.104156,179.297867,179.365067,179.394257,179.606491,180.649719,181.143478,181.659836,182.278824,183.437927,183.678345,185.041153,185.375153,186.763626,187.877502,188.167145,188.697693,189.882584,190.029877,190.883179,190.901810,191.315674,192.379471,192.392578,192.450165,192.654785,193.233170,195.125397,198.852005,200.189438,206.763428,208.561035,210.028320,210.775085) 
Elapsed(ms): 66.9649 
Iter: 0
============================
#6: 

Name: stedc 
Eigenvalues: [712](-109.878227,-107.966873,-107.529724,-107.377953,-107.006165,-100.128403,-98.857246,-94.390953,-92.272285,-91.653328,-89.035965,-87.020020,-86.850952,-86.366745,-86.120102,-83.385956,-83.156013,-83.122681,-82.605736,-82.058853,-81.226357,-80.834282,-80.591064,-80.487816,-80.441437,-79.848938,-79.787888,-79.450867,-78.324600,-77.640121,-77.156715,-76.542587,-76.337769,-75.490112,-75.120033,-74.976883,-74.849762,-74.107544,-73.802681,-73.663254,-73.079102,-73.001694,-72.787354,-72.604660,-72.393715,-72.311607,-70.613174,-70.503807,-69.795250,-69.246490,-68.901390,-68.239677,-68.032089,-67.702782,-67.307907,-67.068512,-66.932709,-64.272766,-63.803303,-63.548927,-63.519886,-63.414997,-62.825920,-62.710213,-62.640015,-62.000576,-61.919132,-61.803642,-61.785343,-61.651653,-61.557030,-60.915176,-60.705669,-60.693481,-59.948956,-59.380322,-59.172253,-58.562317,-57.431011,-57.402317,-57.353924,-56.986443,-56.424423,-55.183823,-55.008083,-54.996689,-54.960075,-54.452068,-54.022507,-53.698940,-53.423206,-53.203110,-53.089260,-52.971447,-52.798164,-52.018791,-51.971264,-51.951248,-51.718437,-50.799458,-49.952103,-49.288269,-48.992393,-48.771759,-47.993336,-47.573727,-46.968266,-46.676189,-46.605278,-46.536865,-45.731354,-45.526531,-45.071461,-43.116035,-42.799721,-41.994617,-41.803078,-41.731110,-41.440800,-40.754940,-40.737648,-40.559879,-39.764477,-39.356838,-38.939854,-38.893826,-38.833374,-38.209579,-38.024414,-37.949776,-37.910877,-37.296318,-37.066547,-36.989517,-36.937557,-36.268543,-35.348076,-35.241077,-34.976044,-34.716839,-34.056698,-33.599598,-33.587090,-33.367390,-33.213055,-33.032948,-32.684727,-32.375809,-31.677452,-31.434690,-30.873861,-30.826780,-30.370394,-30.216295,-30.196518,-29.914667,-28.517431,-28.443228,-28.415255,-28.273571,-27.799700,-27.612726,-27.526112,-27.310949,-27.229786,-27.011141,-26.699495,-25.299219,-25.256853,-25.071259,-24.978357,-24.443811,-24.235474,-24.173956,-23.960920,-23.821898,-23.739386,-23.514784,-23.338232,-23.034109,-20.319782,-19.491220,-19.365437,-19.324451,-19.278591,-18.859205,-18.674623,-18.369982,-18.327654,-18.129946,-18.049326,-17.856279,-17.703926,-17.628094,-17.579174,-17.453405,-16.887251,-16.786556,-16.195082,-16.163954,-15.452585,-14.349280,-13.907184,-13.769855,-13.687201,-13.062788,-13.025519,-12.722701,-12.162411,-10.801253,-10.151614,-9.931694,-9.722050,-8.972012,-8.380170,-8.170370,-7.939208,-7.846762,-7.777805,-7.682498,-7.495604,-7.447878,-6.700003,-6.310895,-6.093570,-5.809020,-5.624095,-4.598299,-3.834809,-3.333292,-3.194674,-2.991143,-2.310828,-2.277344,-2.127544,-2.039227,-1.705919,-1.416706,-1.291943,-1.204420,0.410032,0.622139,0.909077,1.343204,1.612550,1.825320,2.742963,2.901828,3.427371,4.068790,4.496696,4.606578,5.306075,6.138505,6.727217,7.098856,7.167854,7.841006,7.956893,8.144229,8.693559,9.533961,9.954165,11.499634,11.628392,11.852223,11.936251,12.679310,12.736145,13.248982,14.138923,14.933372,15.666331,16.204458,16.283644,16.525635,16.632215,16.911060,17.063850,17.547915,17.600624,17.870453,18.194374,18.402216,19.859879,20.159046,20.456598,20.723417,21.764194,21.903154,21.916130,22.284111,23.646162,23.910049,25.259848,25.473063,25.515919,27.035183,27.279345,27.336552,28.134838,28.218948,28.459675,28.778101,29.120960,29.204567,29.311127,29.567097,29.851177,30.090342,30.119301,30.362385,31.544672,31.690884,32.316380,32.338779,33.313156,33.548084,33.575729,34.663097,35.511642,35.531075,35.609493,36.326019,36.353592,36.380360,36.580524,37.851257,38.146053,38.308189,38.868294,39.113235,39.564137,39.669563,39.819672,39.911362,39.917660,40.216038,40.393745,40.550587,40.751640,42.112972,42.288593,42.431553,43.310352,43.969791,44.292004,45.071442,46.010109,46.047474,47.174294,47.654152,48.462330,48.760605,49.152275,49.916088,50.703423,50.726105,51.577724,52.280598,52.802868,53.060635,53.197010,53.201233,54.122131,54.462845,54.754044,55.361164,55.857342,55.893475,56.034260,56.041843,56.062668,57.270420,58.235237,58.481884,59.762543,60.241432,61.320393,61.714779,62.366871,62.692951,62.806488,63.353226,64.063942,64.365234,64.852493,65.405090,65.615662,65.888741,66.545731,66.686882,66.958153,67.094887,67.328194,67.988266,68.516579,68.641121,68.696671,68.836685,69.018684,69.769577,70.899467,71.487389,71.736794,72.232536,72.697502,72.933441,74.528175,74.982056,75.652405,76.087440,76.138573,76.247337,76.315544,77.968300,78.474854,78.490356,78.617638,78.918068,79.018326,79.111671,80.235344,80.684555,81.683960,81.862198,82.077751,82.441513,82.478462,83.425186,83.631126,83.828247,83.870544,84.298286,84.982193,85.094307,85.869728,85.907127,86.077133,86.355255,86.732376,87.403069,87.432617,88.261208,88.678505,88.901428,89.460754,90.603203,91.390450,91.526382,91.538528,92.142883,92.665833,92.897179,93.011810,94.290039,94.440781,95.133911,95.289619,95.504745,95.568787,95.731262,95.955986,96.016579,97.241074,97.475060,97.722527,97.901299,98.230247,98.392235,99.369148,99.625313,99.708527,99.869385,99.929459,100.005135,100.345284,100.366554,100.785034,101.143959,101.324585,101.485886,101.667625,102.594604,103.731148,104.348862,104.366905,104.799393,104.854225,105.090401,105.616348,105.769775,106.090714,106.311295,107.470612,108.273979,108.337303,108.581795,108.719627,109.082909,110.731918,110.771973,111.657898,112.243042,112.251022,112.707291,112.930443,113.018265,113.217903,113.419861,113.776474,114.208412,114.277138,114.652985,114.727020,115.493950,116.415657,117.002853,117.003960,117.426109,117.716751,118.273079,118.395889,118.696213,119.176720,119.177490,119.816620,119.952461,120.261665,120.266685,120.699707,120.790466,120.818024,121.195236,122.031410,122.193718,122.725037,122.774979,122.854126,122.957108,123.243164,123.323044,123.396370,123.453766,123.966095,124.550247,125.553963,126.117943,126.492500,126.928955,127.206345,127.366905,127.774666,127.825989,128.123825,128.165146,128.568268,129.034760,129.182358,129.693176,129.781982,130.110245,130.258301,130.471741,130.631805,130.726974,130.885986,130.910583,131.330032,131.597107,131.695648,131.813354,132.288803,132.433350,133.052689,133.450607,134.444321,135.160675,135.301544,136.550797,136.814499,137.333649,137.554382,138.022583,138.162369,138.291046,138.338074,139.362579,140.057007,140.200287,140.444519,140.813171,140.830795,140.882416,141.050385,141.201660,141.453110,141.778137,141.782761,142.253250,143.222656,143.273987,143.312973,143.619125,143.832214,144.157486,145.236847,145.283997,145.498047,147.055786,147.077103,147.234512,147.423309,147.611679,148.119370,148.403702,148.417679,148.825409,148.928589,149.240433,149.956268,150.783203,151.429047,151.965652,153.054947,153.188614,153.929535,154.418259,154.495956,154.556091,155.468979,155.938187,157.146515,157.242050,157.567871,158.709396,159.051254,159.149994,159.232513,159.469376,160.103806,160.202682,160.417648,161.805557,162.019302,162.144775,162.511810,162.620300,163.182465,163.193100,163.613724,164.588898,165.357849,165.864410,166.793655,167.735092,167.935760,168.164383,169.276749,169.548248,169.736771,169.810593,169.980408,170.646591,170.674759,170.929596,170.941589,171.774445,171.889084,172.020706,172.924713,174.287613,175.783279,175.798920,176.387527,177.393509,178.072662,178.742752,179.104034,179.298065,179.365082,179.393921,179.606506,180.650024,181.143463,181.660263,182.278488,183.437927,183.677963,185.041183,185.375366,186.763626,187.877899,188.167313,188.697647,189.882217,190.029037,190.883392,190.901337,191.316055,192.379318,192.392365,192.450134,192.654434,193.233261,195.125534,198.851776,200.188873,206.763550,208.560776,210.027954,210.775269) 
Elapsed(ms): 11.2215 
Iter: 0
============================
#6: 

Name: parallel_jacob_music 
Eigenvalues: [712](-109.878593,-107.966743,-107.529633,-107.377556,-107.005905,-100.128281,-98.857422,-94.390732,-92.271973,-91.653183,-89.036140,-87.019897,-86.850616,-86.366631,-86.120071,-83.385910,-83.155846,-83.122955,-82.605682,-82.058731,-81.226448,-80.834053,-80.591080,-80.487625,-80.441635,-79.848587,-79.787407,-79.450645,-78.324661,-77.639877,-77.156578,-76.542213,-76.337471,-75.489876,-75.120209,-74.976700,-74.849472,-74.107399,-73.802559,-73.663025,-73.078728,-73.001625,-72.787354,-72.604553,-72.393494,-72.311249,-70.612770,-70.503716,-69.795189,-69.246017,-68.900848,-68.239517,-68.031670,-67.702797,-67.307632,-67.068329,-66.932434,-64.272316,-63.803436,-63.548779,-63.519909,-63.415165,-62.825993,-62.710285,-62.639740,-62.000473,-61.918777,-61.803761,-61.785370,-61.651543,-61.556709,-60.915062,-60.705620,-60.693470,-59.948483,-59.380245,-59.172424,-58.562279,-57.431053,-57.402451,-57.353989,-56.986492,-56.424522,-55.183762,-55.008034,-54.996773,-54.959934,-54.452091,-54.022751,-53.698971,-53.422802,-53.203285,-53.089062,-52.971302,-52.798229,-52.018677,-51.971268,-51.951145,-51.718502,-50.799625,-49.951782,-49.287956,-48.992386,-48.771671,-47.993366,-47.573330,-46.968327,-46.676140,-46.605183,-46.536533,-45.731110,-45.526325,-45.071465,-43.116150,-42.799614,-41.994503,-41.803112,-41.730991,-41.440647,-40.755058,-40.737465,-40.559849,-39.764408,-39.356750,-38.939846,-38.893734,-38.833317,-38.209274,-38.024445,-37.949615,-37.910946,-37.296356,-37.066166,-36.989380,-36.937695,-36.268543,-35.347984,-35.241035,-34.975689,-34.716843,-34.056515,-33.599495,-33.586891,-33.367329,-33.212818,-33.032890,-32.684357,-32.375507,-31.677420,-31.434776,-30.873526,-30.826887,-30.370392,-30.216152,-30.196609,-29.914555,-28.517488,-28.443342,-28.415089,-28.273603,-27.799789,-27.612606,-27.525839,-27.310915,-27.229807,-27.011160,-26.699390,-25.299011,-25.256908,-25.071072,-24.978439,-24.443804,-24.235542,-24.173706,-23.961128,-23.822046,-23.739359,-23.514675,-23.338209,-23.033968,-20.319855,-19.491072,-19.365511,-19.324570,-19.278534,-18.859079,-18.674639,-18.369881,-18.327559,-18.129768,-18.049446,-17.856203,-17.703989,-17.627779,-17.579239,-17.453323,-16.887278,-16.786520,-16.195005,-16.163902,-15.452524,-14.349319,-13.907128,-13.769814,-13.687164,-13.062665,-13.025511,-12.722607,-12.162188,-10.801113,-10.151630,-9.931612,-9.722018,-8.972109,-8.380188,-8.170416,-7.939256,-7.846679,-7.777950,-7.682736,-7.495568,-7.447838,-6.700026,-6.310699,-6.093720,-5.808964,-5.624038,-4.598317,-3.834798,-3.333219,-3.194661,-2.991254,-2.310833,-2.277264,-2.127590,-2.039154,-1.705899,-1.416733,-1.292088,-1.204357,0.410009,0.622232,0.909106,1.343196,1.612538,1.825243,2.743035,2.901871,3.427304,4.068783,4.496743,4.606511,5.305995,6.138671,6.727130,7.098684,7.167889,7.841029,7.956960,8.144215,8.693521,9.533804,9.954173,11.499825,11.628355,11.852222,11.936242,12.679326,12.736204,13.249000,14.138839,14.933401,15.666298,16.204397,16.283497,16.525658,16.632029,16.911041,17.063663,17.547867,17.600613,17.870378,18.194288,18.402216,19.859940,20.159229,20.456400,20.723343,21.764179,21.903076,21.916126,22.284122,23.646156,23.910103,25.259760,25.472980,25.515882,27.035118,27.279276,27.336494,28.134867,28.219009,28.459684,28.778006,29.120987,29.204615,29.311134,29.567156,29.851158,30.090343,30.119280,30.362322,31.544802,31.690866,32.316074,32.338615,33.312992,33.547981,33.575500,34.663055,35.511433,35.531082,35.609367,36.325874,36.353416,36.380211,36.580391,37.851189,38.146004,38.308090,38.868183,39.113190,39.563995,39.669498,39.819683,39.911385,39.917702,40.216034,40.393646,40.550449,40.751667,42.112930,42.288548,42.431511,43.310322,43.969879,44.291954,45.071426,46.009972,46.047501,47.174297,47.654182,48.462212,48.760475,49.152164,49.915955,50.703293,50.726086,51.577736,52.280552,52.802917,53.060562,53.197044,53.201187,54.122181,54.462749,54.753983,55.361023,55.857212,55.893375,56.034206,56.041721,56.062641,57.270390,58.235180,58.481808,59.762466,60.241318,61.320286,61.714691,62.366779,62.692932,62.806377,63.353111,64.063560,64.364906,64.852097,65.404755,65.615364,65.888519,66.545280,66.686584,66.957794,67.094704,67.327927,67.988083,68.516235,68.640877,68.696548,68.836250,69.018303,69.769287,70.899269,71.486946,71.736473,72.232269,72.697121,72.932961,74.527969,74.981827,75.652313,76.087212,76.138351,76.247093,76.315384,77.968239,78.474518,78.490135,78.617538,78.917931,79.018188,79.111496,80.235123,80.684258,81.683754,81.862091,82.077446,82.441040,82.478203,83.424911,83.630768,83.828079,83.870461,84.298096,84.982033,85.094009,85.869751,85.906998,86.076965,86.355247,86.732399,87.403084,87.432358,88.261284,88.678329,88.901276,89.460426,90.603127,91.390335,91.526367,91.538567,92.143028,92.665672,92.897110,93.011650,94.289963,94.440689,95.133873,95.289520,95.504646,95.568710,95.731308,95.956169,96.016609,97.240776,97.474709,97.722290,97.900986,98.229996,98.392090,99.368805,99.625114,99.708359,99.869019,99.929245,100.004951,100.345261,100.366364,100.784569,101.143684,101.324364,101.485718,101.667351,102.594292,103.731026,104.348679,104.366722,104.799416,104.854034,105.090340,105.616081,105.769623,106.090332,106.311150,107.470428,108.273621,108.337204,108.581711,108.719673,109.082489,110.731918,110.771805,111.657715,112.242950,112.250885,112.706818,112.930458,113.018135,113.217804,113.419624,113.776398,114.208191,114.277054,114.653030,114.726837,115.493607,116.415604,117.002754,117.003883,117.426178,117.716774,118.272865,118.395645,118.696007,119.176392,119.177063,119.816399,119.952332,120.261688,120.266495,120.699478,120.790398,120.818100,121.194923,122.031380,122.193748,122.724686,122.774681,122.854042,122.956833,123.243065,123.322632,123.396202,123.453674,123.965782,124.550011,125.553734,126.117752,126.492157,126.928947,127.206123,127.366882,127.774330,127.825714,128.123184,128.164154,128.567337,129.033951,129.181168,129.692642,129.780640,130.109238,130.257263,130.470856,130.631149,130.726608,130.884674,130.909668,131.329590,131.596176,131.695053,131.813095,132.287827,132.432297,133.052307,133.450073,134.443604,135.159790,135.300903,136.549866,136.813492,137.333267,137.553741,138.021912,138.162094,138.290314,138.337479,139.361969,140.056641,140.199493,140.444092,140.812408,140.830246,140.881882,141.050018,141.201172,141.452530,141.777817,141.782303,142.252823,143.221970,143.273697,143.312820,143.618225,143.831528,144.157135,145.236404,145.283524,145.497620,147.055466,147.076447,147.234283,147.423096,147.611176,148.118591,148.403915,148.417252,148.824661,148.928421,149.240326,149.956009,150.783051,151.427933,151.965256,153.054321,153.188446,153.929398,154.418137,154.495819,154.555771,155.468536,155.937881,157.146317,157.241791,157.567459,158.709427,159.051041,159.149887,159.231613,159.468781,160.103531,160.201950,160.417206,161.805344,162.019012,162.144272,162.511230,162.620071,163.182114,163.192703,163.613419,164.588593,165.357620,165.863998,166.793304,167.734512,167.935944,168.164215,169.276276,169.547623,169.736328,169.810471,169.980148,170.646408,170.674377,170.929459,170.941284,171.774185,171.889099,172.020996,172.924347,174.287689,175.783356,175.799057,176.387314,177.393616,178.071976,178.742661,179.104294,179.297836,179.364609,179.394012,179.606339,180.649490,181.143036,181.659668,182.278488,183.438019,183.677658,185.041046,185.374863,186.763535,187.877548,188.167114,188.697372,189.882385,190.029175,190.883224,190.902039,191.315994,192.379028,192.391998,192.449417,192.654022,193.232941,195.124588,198.851303,200.188812,206.763596,208.560913,210.027786,210.775238) 
Elapsed(ms): 136608 
Iter: 6
============================
